1000000000	999999	499	0	46.4158883361	0.5000000000	0.0010000000
0
-17.3122787227 4.7702593876 -2.1305551916
0.1541586422 -0.9825354645 -0.1042073615
-0.0920643850 0.0907251558 -0.9916113629
0.9837475601 0.1624592480 -0.0764704564
1
-2.4810199563 -19.5931897964 2.1878173164
0.1596964666 -0.8046748328 0.5718351616
-0.4750852742 -0.5704221552 -0.6700093636
0.8653271178 -0.1646723365 -0.4733835663
2
7.0262233408 -17.2459530992 12.0588487612
-0.4854482685 0.1910342930 -0.8531388383
0.1333279381 0.9805974301 0.1437092236
0.8640391424 -0.0439838485 -0.5014995329
3
-17.2347719272 4.6246509106 -0.7951204483
-0.1600856472 0.9773554908 0.1383792980
0.0503958906 -0.1319120971 0.9899795214
0.9858158244 0.1654552604 -0.0281374670
4
-19.0172722628 15.0268637917 7.1623008056
0.1322915771 -0.9787510994 -0.1566691548
0.7982489845 0.0114969478 0.6022178831
-0.5876201982 -0.2047293474 0.7828080205
5
18.7569406936 -10.8535208688 -0.3858814994
0.4175899701 0.7801127243 -0.4658784758
0.9048412200 -0.3102185696 0.2915935626
0.0829516942 -0.5433125955 -0.8354223123
6
-7.2304350009 7.1762511956 14.7579978314
-0.0001603713 0.5818498051 -0.8132962428
-0.2251696576 -0.7924314666 -0.5668782904
-0.9743195572 0.1830387254 0.1311420046
7
-6.0378667830 1.3961769987 12.7484978599
0.2907264218 0.2511180766 -0.9232647829
0.9567909296 -0.0708455247 0.2820142350
0.0054096942 -0.9653603593 -0.2608641640
8
19.5448754079 10.8404602679 -14.1317399246
0.5918565204 0.6153803822 -0.5205889401
-0.5053324050 0.7864548054 0.3551450400
0.6279689640 0.0528755536 0.7764400531
9
11.1376428890 -6.2075482117 -6.0076971833
0.0197443724 0.9990840697 -0.0379628949
0.2175703379 0.0327668169 0.9754944816
0.9758449199 -0.0275201260 -0.2167240984
10
-5.0086574361 12.6669364598 11.7398261393
-0.7925466434 0.2825091453 0.5404242787
-0.2831703983 0.6143789434 -0.7364462230
-0.5400780904 -0.7367001403 -0.4069257422
11
-7.2411603002 21.2640480021 -16.7635423900
0.8529083790 0.5100821301 -0.1111913560
-0.0798730474 -0.0829807496 -0.9933451019
-0.5159143276 0.8561135531 -0.0300331624
12
2.8818589964 -18.0247006514 6.5500408768
-0.0266738537 -0.9502693706 0.3102847543
-0.9390064233 0.1302793592 0.3182675379
-0.3428635918 -0.2828699556 -0.8957840955
13
14.4938190354 12.2642394681 6.5578436358
-0.4443960062 0.5165613223 -0.7318993031
-0.4750851990 0.5567536955 0.6814098445
0.7594776120 0.6505303395 -0.0020084802
14
4.1632774778 -0.7994694119 -15.0616772117
-0.2345466326 0.8534612043 0.4653942951
-0.9699755062 -0.1737991907 -0.1701216000
-0.0643070338 -0.4913225155 0.8686004785
15
-13.1643758293 3.6393476247 -22.3471627044
-0.8710840989 0.1372433308 -0.4715684053
0.2443798556 -0.7117405046 -0.6585620248
-0.4260175804 -0.6889047266 0.5864463307
16
-9.1073399886 4.8067698706 11.8875261633
0.4727864428 0.0289483214 -0.8807014103
-0.7844159905 -0.4415149608 -0.4356100242
-0.4014530277 0.8967867829 -0.1860347616
17
16.1620392589 -9.9362402725 -1.2843875010
-0.4397701493 -0.7685922506 0.4646161515
0.8941528905 -0.3261802662 0.3067524122
-0.0842189069 0.5503384289 0.8306833267
18
17.4351626398 -15.5800019274 6.5634509119
0.8530631202 0.4157535002 0.3153289395
-0.4610224837 0.3174453843 0.8286656126
0.2444209126 -0.8522778039 0.4624726613
19
16.0438382881 -2.7190710904 -20.9435659536
-0.3460151746 -0.2375928686 0.9076470282
-0.9378555342 0.0602985410 -0.3417471037
0.0264668832 -0.9694914722 -0.2436919968
20
-23.1267291576 15.1848318752 -7.5998433387
-0.9341603564 0.3202635894 0.1574028647
-0.1827641107 -0.8082234833 0.5597964639
0.3064991165 0.4941720697 0.8135430272
21
-14.4425813956 -20.5342394904 -1.1142755931
0.7291274631 -0.3146649075 -0.6077492399
0.3639665248 -0.5737479983 0.7337176591
-0.5795701091 -0.7561740742 -0.3038079296
22
7.7079459466 -7.3720816280 1.9425145699
-0.3048597911 -0.8400825697 -0.4486889612
-0.3051671549 0.5324396255 -0.7895448390
0.9021826395 -0.1037753409 -0.4186850408
23
3.7203660465 -4.3140845870 -14.1528249395
-0.8580316269 -0.1661076739 -0.4859937941
-0.4547885898 -0.1939427050 0.8692258427
-0.2386400339 0.9668476963 0.0908651000
24
4.8072195782 -5.2326206883 0.5215623220
0.1623583841 -0.8718575233 -0.4620651623
0.8941965989 0.3279941237 -0.3046839299
0.4171956346 -0.3637091062 0.8328646280
25
-15.2385892453 12.4225598837 -17.2519459102
0.6181435865 -0.0966660339 0.7800988298
-0.7731245398 0.1045684960 0.6255748361
-0.1420455997 -0.9898086217 -0.0100965378
26
5.0108663465 3.4043695278 -21.7101015071
-0.0918891807 -0.3384948212 0.9364708401
-0.9896972290 0.1347446484 -0.0484073823
-0.1097987858 -0.9312707102 -0.3473889620
27
6.2243358409 -13.3875208144 2.9416506451
-0.7615948136 -0.5545991842 0.3352507789
-0.6024782328 0.7965029603 -0.0510197333
-0.2387327353 -0.2408376611 -0.9407464600
28
-3.9801328634 -23.1899920610 11.7455406689
-0.1813628123 0.9696975191 -0.1636894976
0.1315663798 -0.1410283870 -0.9812243789
-0.9745757117 -0.1994936474 -0.1020022871
29
6.2815560458 -20.7268208663 7.1344106369
-0.4418529341 0.0061419592 -0.8970664752
-0.7185509872 -0.6010974356 0.3498090217
-0.5370758451 0.7991521439 0.2700099765
30
23.1871544032 -12.9279699034 4.5710646402
0.8132883835 -0.4967804666 -0.3029375729
-0.1815546273 0.2779829072 -0.9432727181
0.5528109283 0.8221524623 0.1358874768
31
21.6475904908 15.6307997283 -19.9815781334
0.3236921908 0.3701251634 -0.8707644510
0.0405663741 0.9140365801 0.4035981909
0.9452924071 -0.1659653390 0.2808518671
32
22.3895969796 13.5796843147 -1.6686982031
-0.2387927112 -0.9613102955 0.1373337429
-0.8752782204 0.2743222351 0.3982905323
-0.4205544886 -0.0250963581 -0.9069201150
33
-3.7650979649 -0.3503505211 -5.5783598220
0.2430946532 0.9348994058 0.2585886514
-0.3190592843 -0.1746849973 0.9314968195
0.9160273810 -0.3089470064 0.2558233465
34
15.8728409463 20.6189697166 -20.2490724563
-0.2043335903 0.9479017577 -0.2443973025
0.9221941156 0.2701420227 0.2767332661
0.3283379312 -0.1688358524 -0.9293485126
35
0.0831928926 -15.5505707863 -22.8477571911
0.4311359240 -0.1269001568 -0.8933186247
0.6361482870 0.7448697546 0.2012073699
0.6398727779 -0.6550308382 0.4018674273
36
12.2802287530 10.8687312918 6.8042063665
-0.5442328571 0.6816681173 -0.4890185836
0.8304268573 0.5205291640 -0.1985966366
0.1191714390 -0.5141769805 -0.8493645865
37
17.4939009293 -20.2642746941 -9.1607478342
-0.4976552786 -0.2699031380 -0.8243127560
0.1744490590 0.8997887211 -0.3999347238
0.8496509574 -0.3428302110 -0.4007002582
38
12.3831648945 9.4971888472 16.5891795294
-0.5169681572 -0.3542414632 0.7792669056
-0.7802683808 -0.1793718448 -0.5991719248
0.3520300818 -0.9177901323 -0.1836738808
39
16.5026993614 7.2503450917 11.1068107554
-0.0305086712 0.1785731645 0.9834535301
-0.5304065705 0.8310600346 -0.1673561739
-0.8471942463 -0.5267360287 0.0693618424
40
16.5664448882 -16.5660408771 -11.4805583670
-0.3253530384 -0.1550771634 0.9327896192
0.7445368940 0.5661135606 0.3538082105
-0.5829324264 0.8096088623 -0.0687260973
41
-14.2469059298 16.1273983756 19.5727746035
-0.6116241648 -0.1682980866 0.7730405132
0.6506918083 -0.6628064677 0.3705236254
0.4500178348 0.7296323323 0.5148986385
42
-21.6396827163 -16.5475641895 -16.7120823367
-0.0422027561 0.7939487057 0.6065182438
0.1176318481 0.6067854035 -0.7861133648
-0.9921601059 0.0381697114 -0.1190016699
43
8.7620799456 12.7964489641 16.1130329663
0.3708263378 0.8738959019 -0.3143147785
-0.3817088810 0.4519565085 0.8062466402
0.8466322445 -0.1790007466 0.5011712036
44
15.7008494800 8.4707889577 10.8562755571
-0.0437922512 0.1690887602 0.9846274575
-0.5650787031 0.8085752924 -0.1639879744
-0.8238739576 -0.5635734092 0.0601391250
45
-13.1484016472 8.2123445099 -5.8536196521
-0.9733910263 -0.1348746112 0.1852532028
0.0643159809 0.6151356552 0.7857935989
-0.2199394566 0.7767991792 -0.5900929340
46
-2.9657582460 13.4489149130 13.0677666063
-0.0950637979 -0.6446829509 -0.7585161614
0.8914016230 -0.3943167663 0.2234220989
-0.4431320580 -0.6549031841 0.6121566781
47
-21.5660272010 4.7105738330 0.5442955171
0.9085375752 0.1908665768 -0.3716576709
-0.0905160392 -0.7785054196 -0.6210766122
-0.4078802780 0.5979124196 -0.6900249397
48
15.2110812460 15.0014223982 -2.0449189406
-0.9829654178 0.0157099977 0.1831179493
0.1077392557 0.8564505466 0.5048610837
-0.1489001013 0.5159899776 -0.8435538530
49
0.4901424402 19.9169182633 17.6180387189
0.7863007355 -0.5211681065 0.3318357396
0.1847293829 0.7108283535 0.6786737854
-0.5895813840 -0.4723418852 0.6551999200
50
6.0478049810 10.1773113508 13.4316918917
0.1600799367 0.1523782085 0.9752719085
-0.7873492302 0.6156207947 0.0330488563
-0.5953617418 -0.7731700452 0.2185234029
51
4.3786846181 2.1582612903 21.2810289943
-0.3610512651 -0.0812771092 0.9289973172
0.8422575270 0.3992059173 0.3622663299
-0.4003051863 0.9132516997 -0.0756775445
52
16.5475850234 -6.8520019575 20.6438216562
-0.9009451270 -0.0368360163 0.4323667263
-0.1521621119 0.9599415531 -0.2352847346
-0.4063798344 -0.2777684693 -0.8704597106
53
22.2318416397 19.1407071824 14.5522333630
-0.7831404818 0.6198388072 0.0499083051
-0.5681411632 -0.7458262057 0.3477914452
0.2527975564 0.2440145974 0.9362426350
54
-5.1670995359 11.0460273912 -4.7820952983
-0.0875994487 -0.4009233653 0.9119138072
-0.5794706938 0.7651205257 0.2807210294
-0.8102715913 -0.5038363191 -0.2993474768
55
6.8349579016 7.8377104142 20.8657642204
0.0159656627 -0.5106377393 0.8596477168
0.0312320127 0.8595924605 0.5100248653
-0.9993846402 0.0187056433 0.0296722077
56
10.8830465249 -14.1422689945 10.6731476630
0.4206750530 -0.5576655947 -0.7155708101
-0.6463996131 0.3691909600 -0.6677316641
0.6365532499 0.7434427480 -0.2051653979
57
4.0269175395 -9.0662910995 10.7738688207
-0.4312249864 -0.2114612147 0.8771141122
0.8859338409 0.0847725738 0.4559987285
-0.1707812659 0.9737031197 0.1507845941
58
21.1316734404 1.8434760790 3.1219430872
0.7558701140 0.6352007545 0.1586832451
0.6506419784 -0.7017497473 -0.2901935699
-0.0729752474 0.3225946273 -0.9437199372
59
-0.4106622026 4.4928224680 -18.2702412979
-0.4893720919 0.1627976695 -0.8567449297
-0.0946418965 0.9667042890 0.2377514019
0.8669243722 0.1974328658 -0.4576706200
60
-16.6798136725 -20.9065171520 -0.9974972143
0.1042832286 -0.7217013788 -0.6843041195
-0.9100055907 -0.3468485683 0.2271252862
-0.4012665364 0.5990352164 -0.6929227781
61
4.9586434998 11.0334676015 13.5479246380
-0.2302723564 -0.0988458342 -0.9680930445
-0.7716613459 0.6246551929 0.1197691828
0.5928856629 0.7746195136 -0.2201163327
62
-19.8737206905 17.0220946337 10.5596808837
-0.8321942502 0.4486854807 -0.3257822420
-0.3412931009 -0.8775478505 -0.3367919082
-0.4370031454 -0.1690890580 0.8834235345
63
-13.1647866278 1.0276447565 -7.0792570106
0.5545219943 0.7930625331 0.2521054861
0.3650341396 0.0404353864 -0.9301156145
-0.7478338283 0.6077966748 -0.2670725883
64
10.7697868069 19.0753606121 15.5906712248
0.3405955743 -0.9183986867 0.2013417666
-0.5713735236 -0.0321153089 0.8200615242
-0.7466772739 -0.3943506805 -0.5356870257
65
-17.0390128331 4.9352640608 12.9755950301
0.8208909346 0.5710749816 -0.0033821416
-0.4686704059 0.6770500418 0.5674075180
0.3263221170 -0.4641945780 0.8234301851
66
3.3871027471 -2.6194940973 21.5208524950
0.1735668609 0.9185460764 0.3551727051
-0.6616391255 0.3758918687 -0.6487980969
-0.7294574782 -0.1223863089 0.6729883944
67
9.7701369862 14.5534737168 -7.3494585582
-0.1580816469 -0.8430058768 -0.5141510329
0.9874165694 -0.1326784090 -0.0860520666
0.0043256568 -0.5212845015 0.8533719922
68
-7.3611322673 16.9575296163 19.2438375702
0.8950100141 0.4289018637 -0.1224755729
0.4171559964 -0.7076563714 0.5702660211
0.1579175397 -0.5614852191 -0.8122785233
69
20.6744006369 -0.7221086530 -21.5895995642
0.8035108656 0.5767112750 0.1475614923
0.4938497606 -0.5073761469 -0.7061741001
-0.3323893842 0.6402917700 -0.6924909721
70
-8.7973773046 -18.4643784706 -16.4699797604
-0.3519500348 0.9077150428 -0.2284394319
-0.3537794131 0.0969493919 0.9302907838
0.8665860026 0.4082330419 0.2870095532
71
-3.1764959528 -19.1062626523 9.2776848953
-0.9740372155 0.0561974132 0.2193019686
-0.2263672322 -0.2286637935 -0.9468213906
-0.0030624929 -0.9718820506 0.2354482976
72
6.0809107166 -22.1334087988 -13.2696393943
-0.9316727190 -0.0698139695 -0.3565276346
0.3106415201 0.3557811037 -0.8814315925
0.1883820336 -0.9319580548 -0.3097844307
73
18.3269669071 12.5713153757 -7.0918174595
0.3619276571 -0.8545349364 0.3725297486
0.7708382089 0.4990698573 0.3959011659
-0.5242297461 0.1438725827 0.8393353640
74
13.0202345080 -7.8698633389 7.8056286150
0.5697475962 0.6733032440 0.4712222599
-0.4531437498 0.7357287564 -0.5033526985
-0.6856007721 0.0732525682 0.7242828472
75
17.6519124121 17.4577988674 -2.5320432183
0.5614622576 0.6690569381 -0.4869527153
-0.3158493919 -0.3706379497 -0.8734223902
-0.7648524661 0.6441974260 0.0032220070
76
-4.5166763639 16.8423082140 -11.1614304229
0.0183547870 0.8856639493 0.4639638680
0.4859764583 0.3976357945 -0.7782754377
-0.8737791391 0.2397605973 -0.4231133090
77
5.3981106364 -0.5890188510 -14.8804912644
-0.1984382778 0.8607039426 0.4688400293
0.9794469128 0.1565058595 0.1272385988
0.0361385519 0.4844529277 -0.8740705726
78
19.9139403873 15.5627224271 -3.0032749813
-0.8130212965 0.2835887324 0.5085015264
0.1844373530 -0.7029427218 0.6869165835
0.5522492502 0.6522644869 0.5192030478
79
-20.8497433248 -9.8485492650 -0.0880532855
-0.1329259501 0.0580279911 -0.9894258153
-0.9887744126 -0.0764906692 0.1283524003
-0.0682338107 0.9953802941 0.0675441878
80
-7.9941523813 17.9618294554 18.4300079100
0.8801648487 0.4535513769 -0.1400035275
-0.4439144513 0.6820798424 -0.5811256737
-0.1680767656 0.5736359796 0.8016807118
81
-2.2403947814 4.6835708645 21.0476156576
-0.6857138074 -0.6090691287 -0.3985365366
0.0692392755 0.4904717599 -0.8687021212
0.7245705604 -0.6232754201 -0.2941517527
82
12.0716058059 -17.8602168290 -14.0789736252
-0.0847896652 -0.3759492621 0.9227528732
0.9362313996 -0.3469979309 -0.0553462045
0.3410007024 0.8592174278 0.3813973422
83
17.3247266092 -11.6856198664 22.1497431972
-0.3234371564 -0.1769479374 0.9295578698
0.1113022615 -0.9826548777 -0.1483280077
0.9396809099 0.0554871041 0.3375218049
84
1.4128668801 -5.7477347611 11.5356286830
0.9416148455 0.1557987684 0.2984765090
-0.1756304259 0.9836169958 0.0406393786
-0.2872550020 -0.0906881986 0.9535513696
85
6.1539210071 -15.0701026972 16.2144528678
-0.1154236292 0.1455796641 0.9825904270
-0.2142045051 -0.9695755623 0.1184890675
0.9699452644 -0.1967988579 0.1430957501
86
2.7810723077 -1.0688750289 -15.2977215468
-0.2567779045 0.8508915104 0.4583107517
0.9652552725 0.2020135105 0.1657492102
0.0484496321 0.4849476044 -0.8732001227
87
-7.6745306452 -2.1567153384 13.7536357138
0.6686581585 0.6584626078 0.3454319924
0.3955509202 0.0783856813 -0.9150929760
-0.6296314293 0.7485203264 -0.2080422651
88
6.3746818472 5.8479849213 -10.3005636213
-0.5083280196 0.7533031026 -0.4172973283
0.8611116699 0.4499512367 -0.2367077873
0.0094507384 -0.4796647999 -0.8774009136
89
14.3174420204 19.8665186083 4.0768710205
-0.7976013733 0.5070988380 -0.3266233578
0.5994926293 0.7262636337 -0.3363773504
0.0666381032 -0.4641033321 -0.8832708873
90
-18.0053883003 0.7500945783 3.9731948652
-0.7529551896 0.4332693867 0.4953141639
0.1747707464 0.8573041412 -0.4842363015
-0.6344396494 -0.2780418100 -0.7212344163
91
4.1352221320 -7.0765162313 -13.8558463334
-0.1685597128 0.9843187655 -0.0520018371
0.4345889561 0.0268618951 -0.9002282366
-0.8847146786 -0.1743416372 -0.4323018980
92
8.8715419724 22.9061657676 12.9331570503
0.7530080217 -0.6551507294 0.0612898107
0.6236021025 0.7402548161 0.2512831573
-0.2099984214 -0.1509977784 0.9659711869
93
10.0088216771 -20.8786992522 12.7683956385
0.8301387304 -0.5566276726 0.0321764267
-0.4277602998 -0.6728400683 -0.6035788006
0.3576182521 0.4872903413 -0.7966538200
94
-1.3702593985 19.1451543759 21.5428517408
0.8194452327 0.1586067161 -0.5507752901
-0.5143300486 0.6275477245 -0.5845070184
0.2529310413 0.7622517714 0.5958171912
95
18.9324568041 7.3463481547 -7.7851950857
-0.0282813158 0.9560451177 0.2918525315
0.3444719894 0.2834063941 -0.8949971308
-0.9383705109 0.0752233255 -0.3373458694
96
7.5979257572 2.4668841282 0.3492067236
0.2513784902 -0.4650627900 -0.8488377089
0.3797292765 0.8540737120 -0.3554768220
0.8902890156 -0.2329693024 0.3912937171
97
12.3162201122 -0.9249660261 -13.6373877033
-0.8923155040 0.0901423622 -0.4423204673
-0.2566137732 -0.9074281886 0.3327513393
-0.3713790687 0.4104247032 0.8328440132
98
13.9067001567 -14.9421480449 15.3131322419
0.3259976589 -0.4714050726 -0.8194527345
-0.8449348055 -0.5340884647 -0.0288909366
-0.4240409187 0.7018025145 -0.5724181425
99
-2.0443140538 20.0324557437 20.7091204365
0.8555561526 0.1117099000 -0.5055141620
-0.4481935574 0.6485527124 -0.6152250923
0.2591258475 0.7529278036 0.6049409210
100
22.8598284907 16.8587675792 -14.3044490173
0.4108285008 -0.7488760499 -0.5200044277
-0.8661272905 -0.1424855675 -0.4790838963
0.2846813298 0.6472113450 -0.7071591161
101
-20.2926036833 4.8170058858 -17.3269939377
0.2119347468 -0.9655453543 -0.1510159993
-0.3086818274 0.0804785592 -0.9477545731
0.9272535750 0.2474780202 -0.2809901013
102
-5.1750619267 -11.4489463137 22.8346792924
0.0559465289 0.9824981842 -0.1776718997
-0.5748403138 -0.1138013378 -0.8103134388
-0.8163507821 0.1474671948 0.5584127748
103
-16.6751867500 -13.1565656513 -9.1200910185
0.4895620184 -0.2703732267 -0.8289917661
-0.3805372342 0.7891541421 -0.4821069937
0.7845511096 0.5514835069 0.2834528148
104
-14.6168747171 1.6804909564 -15.1629435942
0.3082812003 -0.6728984641 0.6724361371
0.6862792323 -0.3321910549 -0.6470470757
0.6587742532 0.6609514052 0.3593879844
105
17.4728525335 -13.0377190733 21.9405378602
0.3259909365 0.1688266027 -0.9301760519
-0.0998553153 0.9845700476 0.1437036442
0.9400844778 0.0460369374 0.3378191455
106
0.6944470270 13.5749224325 -18.0438353703
-0.2410245220 -0.9697244229 0.0392647841
0.0003457764 -0.0405433101 -0.9991777222
0.9705189644 -0.2408127560 0.0101072397
107
22.3893275691 -19.4010031180 -8.6902482641
0.6455201874 0.5584995550 0.5209433124
0.2814360294 0.4601457763 -0.8420567830
-0.7099982035 0.6901768698 0.1398514906
108
-1.4980379888 14.4713335509 -21.1366412945
0.1565290116 -0.9602097465 -0.2312918317
-0.3472864253 -0.2727328384 0.8972229030
-0.9246030540 -0.0601169006 -0.3761584120
109
16.2720473704 -13.0842011563 7.0527499618
0.3145721294 -0.9013861156 0.2975692294
-0.4680141085 -0.4200121663 -0.7775297900
0.8258372538 0.1053226040 -0.5539855407
110
-17.2066453285 -15.7820910376 -7.7622890872
-0.3451981164 0.9076612793 0.2387242394
0.7475327778 0.1121069248 0.6546959473
0.5674795207 0.4044540017 -0.7172056568
111
-2.1999828204 18.6792321908 -20.1577736022
0.8399494603 -0.4101943804 -0.3552822461
-0.3908310698 -0.0030624467 -0.9204573300
0.3764783913 0.9119929778 -0.1628890089
112
-8.9621096354 20.2273956185 -2.1431716879
-0.4010580889 0.8342505149 -0.3783893336
0.7372311740 0.5391233892 0.4072298703
0.5437302689 -0.1156375790 -0.8312552827
113
-11.5069734381 12.2832719476 16.5870403784
-0.8335313083 0.1858553004 -0.5202723955
0.5131139073 -0.0886487075 -0.8537303584
-0.2047917875 -0.9785699842 -0.0214734662
114
12.4128252895 -5.0847476223 -9.0217305156
0.5755101038 -0.8146034491 0.0721757652
-0.5557684504 -0.3248430708 0.7652440191
-0.5999246203 -0.4805186782 -0.6396813661
115
19.9464213898 20.1760321057 -10.3251790045
0.5757544739 0.4761526801 0.6646693998
-0.3604113294 -0.5818874976 0.7290477445
0.7339008512 -0.6593068826 -0.1634135096
116
-16.5620546963 22.6746819099 -0.1945830254
0.1568740139 -0.9737147191 -0.1651368815
0.8374536336 0.2197808675 -0.5003676467
0.5235092697 -0.0597998003 0.8499188363
117
-20.9918407769 -18.7532912335 -19.1392184465
0.0516645972 0.9986587423 0.0033890711
0.7167246041 -0.0347153904 -0.6964916965
-0.6954398688 0.0384129937 -0.7175568484
118
4.4954178561 -17.2619982318 -18.7484183637
-0.5853464657 -0.0923475365 -0.8055069507
-0.2342156157 0.9703958428 0.0589487370
0.7762168257 0.2231677412 -0.5896470121
119
-17.1908385443 -13.4656397739 14.1666963388
-0.7855331493 -0.4359397523 -0.4391972266
-0.5561395849 0.1860837817 0.8099886347
-0.2713787640 0.8805278863 -0.3886183319
120
14.7015758962 -2.6696114599 -21.4239627879
0.3228610415 0.2516780308 -0.9123699450
-0.9437668849 0.0131247055 -0.3303510389
-0.0711675122 0.9677220215 0.2417628472
121
12.3602305465 8.9793875825 14.5839788637
0.9943745488 -0.1045300679 -0.0171091029
-0.0947112268 -0.9497831615 0.2982310006
-0.0474240446 -0.2949328927 -0.9543403737
122
4.2910655571 -20.2778083905 4.0843282610
0.0171192432 0.7619800674 0.6473741640
-0.9579233910 -0.1730361832 0.2290005598
0.2865130164 -0.6240551707 0.7269562816
123
-8.5240978880 0.5036786116 9.3422721784
-0.6960670559 -0.4252482365 0.5784933803
0.4732433550 -0.8776692792 -0.0757453858
0.5399364598 0.2210442805 0.8121625733
124
3.3887644189 1.6620598946 -0.4391956194
0.4503272153 -0.8632991758 -0.2278594571
0.2398368338 -0.1288620806 0.9622228730
-0.8600486569 -0.4879642377 0.1490208390
125
-17.6591704807 -0.3600731585 15.3424514485
-0.5746041487 0.7531518953 -0.3203003197
-0.3389973666 0.1371889357 0.9307308855
0.7449233904 0.6433827931 0.1764871776
126
3.9828936810 -1.2356348887 -2.7193772297
-0.1897878672 0.0423028002 -0.9809133695
-0.7580189301 0.6286573531 0.1737735133
0.6240095087 0.7765310075 -0.0872452150
127
0.3190692288 18.4826759673 23.0157790824
-0.2953062595 0.4802798673 0.8259088704
0.7750171038 0.6259389845 -0.0868842714
-0.5586973259 0.6144360316 -0.5570688118
128
20.1076040919 -22.7805359658 -22.1681384892
-0.5885815693 0.7110966343 -0.3845949986
-0.6657900923 -0.1565111509 0.7295394525
0.4585796434 0.6854530154 0.5655606726
129
-9.6005145770 -9.5976489168 -10.9378413751
0.6420393881 -0.7374629610 -0.2096039247
0.5854307447 0.2950555362 0.7551245418
-0.4950315822 -0.6075282805 0.6211707663
130
22.2865548467 -18.0695113009 -18.6919959802
-0.9822253260 0.1873329466 0.0118226995
0.0822808459 0.4863154423 -0.8699006570
-0.1687106146 -0.8534656746 -0.4930852571
131
-5.4017892741 -1.6406165568 19.5762309666
-0.4494402370 0.3834962666 -0.8068048629
0.4785054357 -0.6593135098 -0.5799467595
-0.7543447630 -0.6467119215 0.1128169720
132
5.3362093026 -4.1549861615 -6.1629056856
0.7699363676 0.2966063350 -0.5649979396
0.2638457579 0.6582074929 0.7050874501
0.5810192820 -0.6919447798 0.4285195630
133
21.0957834438 22.1051926981 19.3322970480
0.7338418455 -0.2536917452 -0.6301719164
-0.3476903784 0.6566713901 -0.6692488971
0.5835987890 0.7102275577 0.3936867659
134
2.6359055411 4.0887118470 14.3644264639
0.1920066510 0.0385562533 0.9806359474
0.9619572482 -0.2052752472 -0.1802784669
0.1943494243 0.9779445221 -0.0765036801
135
-9.1307222665 -21.2328716032 10.1806260163
-0.6993329595 0.5118353923 -0.4989568546
-0.5964123228 -0.8025788361 0.0126314356
-0.3939869958 0.3064175959 0.8665347680
136
-3.2892200626 -9.6132118861 -10.6384574686
0.3214192394 -0.1583214032 -0.9336080580
-0.1227782139 -0.9845694323 0.1246937974
-0.9389436527 0.0745477443 -0.3358979771
137
9.0064251604 -20.3098218983 20.1937762524
-0.6940737087 -0.0050288585 -0.7198863782
-0.1118656521 0.9885825427 0.1009486616
0.7111594496 0.1505963711 -0.6867117082
138
-12.4513153528 -6.5713162982 -19.6222317299
-0.8229194085 -0.5518439702 0.1351735172
-0.5574532057 0.7382640131 -0.3797527753
0.1097705360 -0.3878588397 -0.9151589753
139
16.4449727852 -4.3375405479 6.0366854969
-0.4779163561 -0.2566535561 -0.8400743471
-0.8777873408 0.1754082497 0.4457817069
0.0329445105 0.9504529963 -0.3091177141
140
21.9967946017 13.2012632859 22.1396542181
0.6682739037 -0.5037638683 0.5473864764
0.4130810889 0.8632402006 0.2901385359
-0.6186873229 0.0322229897 0.7849762260
141
12.2931313814 -22.4760226407 6.7108558434
0.8221348348 -0.1447416231 -0.5505853031
0.3224177019 -0.6787019476 0.6598564176
-0.4691920065 -0.7200093949 -0.5113172521
142
-8.2955897092 -20.1118079852 10.1241289259
0.7135300613 -0.4949482781 0.4958841131
-0.5937874556 -0.8028713612 0.0530474783
0.3718753949 -0.3323007363 -0.8667669302
143
-7.7271665341 -23.0115962680 -3.5137974020
-0.4167562887 -0.5792859969 0.7005297494
-0.3595126550 0.8128495113 0.4582862895
-0.8349040944 -0.0608556169 -0.5470207921
144
-17.9829699448 1.9769022908 -17.0174002970
0.2870067979 -0.8258232096 -0.4854308646
0.8716822344 0.0150086371 0.4898416304
-0.3972369318 -0.5637293386 0.7241630016
145
15.3780164405 18.8142055784 -7.0082659144
0.5932591618 -0.6231280234 0.5096616851
0.0961670844 0.6834358054 0.7236486660
-0.7992468072 -0.3802985229 0.4653789581
146
-9.8521181550 -3.3880791282 18.4129488561
-0.0472067607 0.9929453770 0.1087704002
0.6719604324 0.1121373250 -0.7320480843
-0.7390809827 0.0385317864 -0.6725136448
147
18.4214691124 -21.9993172523 21.1692988517
-0.6345443635 0.7713858326 -0.0481388418
-0.7015977823 -0.5487702779 0.4545456347
0.3242128973 0.3222034749 0.8894216761
148
17.3469391900 0.0642639355 -13.2189081052
-0.2476491767 0.4027276028 0.8811812318
0.1908504906 -0.8714137518 0.4519006123
0.9498662934 0.2800866849 0.1389441377
149
-14.4023081982 -6.7305891642 10.6402729747
0.8982038509 0.0091625010 0.4394836639
0.3213746914 -0.6958136529 -0.6423096357
0.2999135709 0.7181639151 -0.6279270984
150
-22.1642169784 18.9510713622 -22.3257958311
0.4772635560 -0.6680833603 -0.5708626119
0.3685661274 -0.4375416061 0.8201928753
-0.7977333563 -0.6018487905 0.0374102341
151
14.5842594013 12.4719311140 -13.6138115837
0.4567570716 0.4181189782 -0.7852066593
0.7572542860 -0.6459467908 0.0965333611
-0.4668392914 -0.6386934034 -0.6116631528
152
12.6593086909 0.3408974652 -14.0881268690
-0.8889066769 0.0916439447 -0.4488277033
0.2505313908 0.9175268935 -0.3088339715
0.3835087249 -0.3869700081 -0.8385554667
153
21.2102744939 12.7051873317 8.3744115100
0.5349464642 0.2030299359 -0.8201287251
-0.4636566412 0.8820165633 -0.0840791359
0.7062965380 0.4252359665 0.5659678199
154
-17.7226669218 22.4103023243 0.4997781287
0.0986459573 -0.9861583136 -0.1332694849
0.8461090533 0.1536115469 -0.5103949084
0.5238019138 -0.0624121235 0.8495506353
155
12.5337328253 5.6404374258 -16.8113870962
-0.5919646962 0.8026906048 0.0725643937
0.6504150424 0.5289464935 -0.5451384040
-0.4759601568 -0.2755057165 -0.8351996942
156
-10.2542237552 22.5729941552 6.3465748846
0.9317841402 -0.3080331022 0.1920779109
0.1598962124 -0.1267654024 -0.9789605375
0.3259010849 0.9428924333 -0.0688646652
157
-23.1224000877 -15.3921891932 -3.9322161150
-0.3555569305 -0.9134053609 -0.1981663843
0.6913087485 -0.1143150181 -0.7134593828
0.6290242313 -0.3906695834 0.6720906137
158
-16.9747843192 4.6878413477 9.0268081954
-0.8470610910 -0.3990017323 0.3511198167
0.4125278461 -0.0770190076 0.9076832315
-0.3351242819 0.9137098501 0.2298391298
159
-3.8078950585 -5.0414135241 3.9017281189
-0.5669868757 -0.5938303001 -0.5708690371
-0.7127414778 0.0062443376 0.7013990263
-0.4129472953 0.8045660837 -0.4267879431
160
-18.3964144893 2.8512060038 -13.6303528741
0.6714084173 -0.2825578138 -0.6851071589
-0.7042765482 -0.5310132235 -0.4711894524
-0.2306626994 0.7988654694 -0.5555255897
161
-22.3017258123 16.8609842822 -22.5399448778
-0.1944603972 0.1748012332 -0.9652096574
0.7498909999 0.6608155518 -0.0314053305
0.6323358618 -0.7299091282 -0.2595843262
162
18.1294281473 -10.7369184560 -19.0912615704
0.2226884280 -0.7886803645 0.5730559716
-0.8802046197 -0.4153591404 -0.2296009843
0.4191058238 -0.4532770313 -0.7866957743
163
-3.0989634622 -20.3380104610 1.3324469182
0.1625250065 -0.7912012288 0.5895644476
0.4917232637 0.5829721480 0.6468011339
-0.8554495042 0.1847811959 0.4837996025
164
0.4386173096 3.5989212194 -12.6556516560
-0.7051344919 -0.6360983576 0.3133117104
0.7082823781 -0.6527267112 0.2688566781
0.0334876310 0.4114932803 0.9107973752
165
-12.0111447885 -7.3312647798 19.2156167368
0.3103829728 0.9046235755 -0.2920934726
0.5300713820 0.0903646245 0.8431242878
0.7891050248 -0.4165218136 -0.4514674281
166
20.4001934598 -21.9325587265 -1.6208491498
-0.0618427761 0.6558131322 0.7523859425
-0.9235099841 0.2483149593 -0.2923508000
-0.3785561786 -0.7129157150 0.5902934889
167
-8.3091060523 3.6406451474 22.4057879272
-0.8542577178 0.5175432506 -0.0489155957
0.2577153468 0.5033378218 0.8247628975
0.4514715403 0.6919537708 -0.5633590572
168
-14.5175615232 -16.2395500970 5.8717672654
0.5581165948 -0.5827506132 -0.5906840012
-0.8297499860 -0.3880497223 -0.4011637742
0.0045636729 0.7140162015 -0.7001143028
169
-11.1605855982 13.2664010973 -17.3813373517
0.0228515256 -0.7586320860 0.6511183962
0.9000004619 0.2991835715 0.3169989891
-0.4352895316 0.5787629469 0.6896060289
170
17.3957778825 22.6640797644 -2.8182759068
0.4198126220 -0.8139084068 -0.4016347444
0.7866812896 0.5470049939 -0.2862133565
0.4526476679 -0.1958025589 0.8699261157
171
1.2619356998 -7.0611627821 19.8350450264
0.5785951223 0.3614861207 0.7311330036
0.0925832639 -0.9197344107 0.3814668438
0.8103431518 -0.1530241753 -0.5656214089
172
20.7996833427 -16.5230101567 -8.0834637214
0.0051333883 0.7213990646 0.6925005689
-0.4910119278 0.6050976411 -0.6267089688
-0.8711377245 -0.3368088988 0.3573217466
173
10.1262501988 12.2586703554 1.8228705648
0.0554792233 0.8692559894 -0.4912393313
-0.4034871821 -0.4305164330 -0.8073745690
-0.9133017845 0.2430012875 0.3268489323
174
16.5498226215 2.8352444751 -22.2557918608
-0.1715556269 -0.7384726209 0.6520942073
-0.4304027959 0.6515796754 0.6246577942
-0.8861840104 -0.1734996105 -0.4296228403
175
-11.6177963863 -16.5486260969 -3.7892738300
-0.4536272846 -0.5646435997 0.6894924888
-0.4475260673 0.8133795557 0.3716639844
-0.7706767842 -0.1399689379 -0.6216638888
176
-8.7959292180 -9.1800264548 -9.8954597618
0.6564774333 -0.7298406019 -0.1907094004
0.5677867122 0.3116235102 0.7619114366
-0.4966443688 -0.6084599277 0.6189675980
177
-18.2581369338 4.5105486501 -22.2907312572
0.0878727137 0.9767881688 0.1953541896
-0.8276097535 0.1807328362 -0.5314110817
-0.5543829742 -0.1149804990 0.8242809004
178
1.1537743500 -4.3314432428 11.6164993445
0.9440101623 0.1502238461 0.2937305047
0.1788605493 -0.9811599348 -0.0730348289
0.2772250300 0.1214824202 -0.9530940689
179
17.9700224916 -15.6092145295 -21.5951593349
0.2525827155 0.1823644106 -0.9502342836
-0.3258857808 0.9407327328 0.0939168965
0.9110435938 0.2859460567 0.2970427965
180
-3.8403274100 17.4461039039 -12.3308204370
-0.0244145670 -0.8866320707 -0.4618305965
0.4450146773 0.4040340369 -0.7991986199
0.8951904076 -0.2250334822 0.3846999688
181
0.7552081100 -9.1485251600 -5.4124887274
0.9838583047 -0.0400912044 -0.1744004918
-0.0101338858 -0.9854991265 0.1693776141
-0.1786620848 -0.1648762176 -0.9699977795
182
19.8201112247 12.8045796019 23.2041124223
-0.4304322956 -0.8694546407 0.2424389959
-0.8910704126 0.4521440766 0.0394873868
-0.1439498476 -0.1990335695 -0.9693627183
183
14.0608085292 11.4333941383 -3.0036326127
0.4855184618 -0.1398586698 -0.8629666134
0.7351276924 0.5995510273 0.3164266764
0.4731375055 -0.7880216483 0.3939070737
184
13.0428267163 -22.4250438802 -18.3842301597
-0.7125499449 -0.5876899545 -0.3832663480
-0.5963641369 0.7950823030 -0.1104262086
0.3696246642 0.1498821160 -0.9170130636
185
15.8753225134 -11.4752493083 -13.6151348245
-0.4094709568 0.6606711594 0.6291638535
-0.8487255461 -0.5288253870 0.0029423497
0.3346617440 -0.5327826284 0.7772671278
186
-7.2893763300 3.2814519576 20.2804000596
0.6902435868 -0.6969431775 0.1945096351
-0.3031119165 -0.5225984714 -0.7968776591
0.6570288858 0.4910815055 -0.5719720256
187
-16.3769120484 -13.7411517118 13.0370706423
0.7706567001 0.4341056046 0.4665196400
0.5895461846 -0.2077671424 -0.7805562828
-0.2419164046 0.8765758031 -0.4160424434
188
0.5670097313 -8.6972244560 -13.0572962272
0.0317235217 -0.7331689481 -0.6793061987
0.5486759191 -0.5553122055 0.6249664712
-0.8354330338 -0.3925450904 0.3846556877
189
7.5044231475 4.4896031572 9.2954659853
-0.7024407338 0.0314525554 0.7110469410
0.5740476020 -0.5655677066 0.5921169816
0.4207687799 0.8241018784 0.3792225308
190
4.3270762475 15.1527817430 -16.7244499238
0.0896105199 -0.8714328989 0.4822599479
0.8309361729 0.3323671506 0.4461806293
-0.5491038440 0.3607447574 0.7538887110
191
12.7290194700 14.7891881685 12.4969310098
0.5349873505 -0.7961178386 -0.2828160566
0.6716322464 0.6038368456 -0.4292914970
0.5125413743 0.0397171371 0.8577434865
192
14.3239801034 12.3598099709 -18.4716941499
-0.0412543733 -0.6418664467 -0.7657059104
-0.9991059644 0.0194152536 0.0375542230
-0.0092384212 0.7665706181 -0.6420935594
193
-21.2063390986 10.2771141079 10.8197962230
-0.4430065399 -0.2607497270 0.8577614969
-0.8777399799 -0.0686502964 -0.4741936994
0.1825314586 -0.9629624691 -0.1984579299
194
-22.0075424291 -10.0307197133 -14.1662924616
0.8118905092 -0.5299658557 -0.2448877147
0.5580190609 0.8277505570 0.0586834143
0.1716057363 -0.1842965197 0.9677738703
195
1.8878261387 15.4804809729 -19.3500037253
-0.7635510367 -0.6438603191 0.0493325854
-0.1398455888 0.0902912392 -0.9860480229
0.6304228944 -0.7597969344 -0.1589829946
196
23.1238321607 2.1123179934 -8.3764286521
0.4114007922 0.8655703242 -0.2855475476
0.2081633918 0.2157796384 0.9539953615
0.8873654209 -0.4519149937 -0.0914081404
197
-8.6417368037 6.6926620675 -2.2948176463
0.8970951490 -0.4115875765 -0.1606734592
0.0601749444 -0.2464471485 0.9672862963
-0.4377205384 -0.8774163606 -0.1963192819
198
3.2858612243 -4.2411662000 9.3814409105
-0.8530312992 -0.1720898470 -0.4926689427
-0.4496830764 -0.2366532692 0.8612667189
-0.2648069737 0.9562323539 0.1244867538
199
14.2160067306 16.7720804836 20.5787716298
0.7248810069 -0.6738426325 -0.1431210411
0.5400308107 0.4268707417 0.7253606643
-0.4276847547 -0.6030899406 0.6733262762
200
-17.9619186142 -0.3564416992 10.1078404743
0.8676903059 0.0549067781 -0.4940635371
0.0357992583 -0.9982026387 -0.0480614732
-0.4958144272 0.0240153663 -0.8680963749
201
-14.3113531643 -4.2791220074 21.9999854352
0.5037636754 -0.3326612354 -0.7972193312
-0.2274436389 0.8392358222 -0.4939156058
0.8333615964 0.4301392066 0.3471148404
202
17.9275394442 9.2457682232 3.6447833303
-0.8696606913 0.4403226615 0.2231731073
0.1739175136 -0.1498101102 0.9732983250
0.4619988968 0.8852530060 0.0537041416
203
7.1707952371 -22.3114369159 -20.2678343040
-0.8790193046 0.3103892366 0.3619165426
-0.2566610799 0.3316583302 -0.9078148722
-0.4018086013 -0.8908766884 -0.2118692381
204
-15.7517133562 1.7806339347 3.4229097302
0.1759643085 0.0089560791 -0.9843558050
-0.8241555854 0.5481853109 -0.1423391581
0.5383345922 0.8363089462 0.1038422517
205
6.5449040767 -12.5502223365 -10.7730213043
-0.5643018263 0.6960740536 0.4438967906
-0.4001337675 -0.7009140069 0.5904341817
0.7221193925 0.1555649918 0.6740497877
206
-13.2318296978 5.2244553023 9.5971338664
0.4043876507 -0.3533003459 -0.8435932038
-0.8313768657 -0.5264061169 -0.1780705127
-0.3811602489 0.7733533899 -0.5065978671
207
19.2049627944 -21.5929973305 -2.0028921265
0.0393405987 -0.6517782141 -0.7573885905
0.9147620486 -0.2815054679 0.2897672616
-0.4020730179 -0.7042299562 0.5851473807
208
9.8277694524 -16.6174563177 -10.7013143369
0.5958006825 0.0075866834 0.8030965004
0.6896409214 -0.5173069497 -0.5067434454
0.4116028988 0.8557663012 -0.3134439210
209
9.5666630207 1.9037507568 12.8016640481
-0.7457898455 -0.6532240387 -0.1307511441
0.5606187922 -0.7214291177 0.4065053481
-0.3598667477 0.2298660122 0.9042441818
210
21.6632567477 16.7067409689 -14.9926406422
-0.3877755758 0.7508941278 0.5345915372
-0.8554552564 -0.0771947682 -0.5120910780
-0.3432585135 -0.6558955531 0.6722905743
211
19.3546471063 -21.2287426140 20.5408664404
0.6589866883 -0.7520630073 0.0117378799
0.6710559118 0.5808131096 -0.4608037488
0.3397359385 0.3115403100 0.8874244347
212
6.8023245123 -4.6443277031 -16.9398358455
-0.4964647405 0.0240187162 -0.8677245316
0.8521631855 0.2038955539 -0.4819175327
0.1653501335 -0.9786979638 -0.1216948190
213
8.4813213060 -20.6348130114 -11.2272060921
0.1226686352 0.9674030290 0.2215486071
0.8114555993 0.0307591687 -0.5836040473
-0.5713949741 0.2513667698 -0.7812314194
214
-8.1491537081 13.9489184944 -3.5075940393
0.5308476600 -0.5109260678 -0.6761326165
-0.6205325583 0.3090346520 -0.7207197291
0.5771829051 0.8021546840 -0.1529959381
215
-15.5261293582 18.2136583316 8.2309487407
-0.5523100160 -0.4991784651 0.6676634679
0.8329227421 -0.2972478368 0.4667798511
-0.0345449281 0.8139192733 0.5799500534
216
15.1512291646 20.8981947285 3.6324519773
0.7998749741 -0.5077235779 0.3200262397
0.5943385463 0.7442310066 -0.3047653218
-0.0834369110 0.4339780839 0.8970514503
217
0.9311168729 18.2544227549 -7.1565955999
0.0985259127 0.8688432535 -0.4851845478
0.9624357310 0.0407604908 0.2684325725
0.2530021899 -0.4934065092 -0.8321898273
218
-13.6499980596 -2.0164912144 13.6564923055
-0.7926832302 -0.2585033315 -0.5521135067
-0.0223378147 -0.8927237566 0.4500503489
-0.6092243583 0.3690803734 0.7018727515
219
15.4755404025 9.7204094064 -21.7943706314
0.1905029882 0.9255488050 0.3272125012
-0.6741282453 0.3656385055 -0.6417628784
-0.7136243552 -0.0983254432 0.6935938199
220
10.0491260187 -3.7921325997 -8.6357804921
0.3728368234 0.7437748194 -0.5547897991
0.7788807064 -0.5758234295 -0.2485401844
-0.5043188955 -0.3394501378 -0.7940000351
221
-7.1592338228 21.4265876822 -15.5221040503
-0.8524727608 -0.5064429632 0.1296368666
-0.0539212830 -0.1614753890 -0.9854025543
0.5199833529 -0.8470190221 0.1103453163
222
-8.0299347232 1.7763012786 12.6598063819
0.2735172371 0.8501098541 0.4500017300
-0.8850000180 0.4056813655 -0.2284679364
-0.3767801603 -0.3357616203 0.8633080824
223
-15.6472357048 -1.4220676717 -10.3832448866
-0.2212700602 0.2548148203 0.9413336113
0.4748355339 -0.8149603512 0.3322210732
0.8518044236 0.5204892248 0.0593311947
224
22.1639912970 10.6331179156 -17.5343149609
0.9790650858 0.0496138881 0.1974082567
-0.0531956411 -0.8737656842 0.4834291601
0.1964733607 -0.4838098709 -0.8528342321
225
9.9694789627 -5.2684366577 -10.6755851216
-0.4066029510 0.1657910882 0.8984360607
0.4950241865 0.8665091451 0.0641323333
-0.7678704937 0.4708239761 -0.4343957741
226
14.0573470450 0.6916850847 10.4081762615
-0.3861738859 0.7400814161 0.5505898902
-0.4642935888 0.3598163313 -0.8092982586
-0.7970578355 -0.5681652094 0.2046633859
227
10.3435803197 -11.8896930912 -20.6413564746
-0.6046358090 0.3421756739 -0.7192574968
0.7617611520 -0.0153650887 -0.6476757378
-0.2326703373 -0.9395103630 -0.2513658527
228
-22.7740560643 -11.1571043528 -14.1436729379
0.8126479509 -0.5408044649 -0.2171032904
0.5343110578 0.8401711644 -0.0928660763
0.2326263130 -0.0405332622 0.9717211808
229
-21.2270865293 -12.8450926251 6.5567297137
0.9848982233 -0.0367648346 -0.1691858047
-0.0813071529 -0.9609514193 -0.2645023944
-0.1528549523 0.2742639544 -0.9494285896
230
-7.3562102415 6.7586042976 -5.6421874077
0.3342767933 -0.7505467072 0.5700339162
0.6386796074 -0.2643771813 -0.7226292722
0.6930709808 0.6056272337 0.3909837200
231
7.9584325163 21.8396927812 12.5494991772
-0.7302517189 0.6799763453 -0.0660650957
0.6413375973 0.7156373485 0.2766753907
0.2354113708 0.1596726499 -0.9586897993
232
-7.2067141103 13.2793274854 0.7860740431
-0.4325213112 -0.7681357603 0.4721152076
-0.8386972325 0.5349569199 0.1020198308
-0.3309263776 -0.3518359670 -0.8756136049
233
-20.9946916499 22.3884887919 -8.8191248722
-0.9599447915 0.2618207488 0.0997792204
-0.2557587953 -0.6733670498 -0.6936600428
-0.1144265526 -0.6913947583 0.7133581515
234
16.7798764500 -8.1874420896 21.0207832774
0.8975084783 0.0191557553 -0.4405809668
0.1654786554 -0.9406826333 0.2961975657
-0.4087729760 -0.3387465724 -0.8474405075
235
3.2598461079 8.7409730730 18.0272190645
0.6739250979 -0.4581560491 -0.5795843312
0.1920055853 0.8661521748 -0.4614263378
0.7134134969 0.1996833611 0.6716902096
236
10.3886182383 0.8933859997 13.3991617478
-0.7292785231 -0.6750096563 -0.1118695652
0.5781351322 -0.6953631619 0.4268838744
-0.3659407119 0.2466415156 0.8973602165
237
16.3831479221 -5.0506919143 16.1417745913
-0.1402218769 -0.2149267534 -0.9665114152
-0.8528051139 -0.4697402081 0.2281832041
-0.5030519486 0.8562421547 -0.1174227808
238
-6.6371704754 15.7167402174 7.6413179977
-0.1838084012 -0.1995743566 -0.9624887261
0.9098001860 -0.4052331298 -0.0897202991
-0.3721264480 -0.8921637667 0.2560580405
239
13.5818033256 10.7791690229 22.8140194367
0.1971693330 0.9162747428 0.3486615119
-0.6834462633 0.3834424103 -0.6211868664
-0.7028694467 -0.1158124073 0.7018276335
240
6.3858689542 -21.8502465142 -7.1434990937
0.6572408242 -0.7433598443 -0.1243006070
-0.7534222521 -0.6437002420 -0.1341823706
0.0197334553 0.1818409751 -0.9831299256
241
-0.5329108632 10.8769417742 -15.0149325542
0.2085070247 -0.2643746628 -0.9416107785
-0.3686101278 -0.9130162287 0.1747224653
-0.9058981147 0.3106564080 -0.2878214756
242
14.5631023727 10.2240002614 -22.6896423691
0.1986535617 0.9212026811 0.3345480278
0.6599841450 -0.3780912385 0.6492056252
0.7245396406 0.0918293843 -0.6830883350
243
10.9090550835 11.5762035444 -6.8287775292
-0.2562538526 0.4410531207 0.8601198218
-0.9020748546 0.2105649704 -0.3767271558
-0.3472677925 -0.8724302482 0.3439048449
244
15.3482070679 -4.3491025975 -15.1595373531
-0.5352508791 0.6620529892 -0.5245877772
-0.6749513909 0.0381937087 0.7368730287
0.5078849441 0.7484831863 0.4264103697
245
-9.9100396860 14.9598603586 -10.8659403856
0.6989259707 -0.6376038280 -0.3239812433
0.3606609458 0.7054003846 -0.6101917564
0.6175970933 0.3096314840 0.7229814482
246
1.1190780260 -5.8279745835 19.3241796152
0.5765336138 0.3751586601 0.7258546492
-0.1234378975 0.9181544052 -0.3765044139
-0.8076955352 0.1274694785 0.5756556735
247
-14.9846859769 -9.6387277718 3.3708463223
0.2102901885 -0.6418105519 -0.7374667804
-0.9717931073 -0.2195972571 -0.0859953568
-0.1067529547 0.7347491139 -0.6698862191
248
-7.5287612464 -19.0710487993 10.0919477600
0.7054147659 -0.5089913750 0.4932725293
0.5840803778 0.8116926174 0.0022819403
-0.4015471585 0.2865010909 0.8698718322
249
7.4130072793 -20.7381408713 10.3979370910
0.9678899647 0.1770863836 0.1784080409
0.2273693743 -0.3140658639 -0.9217731828
-0.1072016040 0.9327395380 -0.3442452181
250
-13.8150594449 -5.9592152860 19.4433223159
-0.2143557214 0.3697931548 0.9040490293
-0.9200002713 0.2344680844 -0.3140449304
-0.3281023097 -0.8990426799 0.2899502273
251
2.3651088658 0.6225960056 -10.3740254646
-0.8207095834 -0.2336910817 -0.5213676803
0.3462263854 0.5224729498 -0.7791978611
0.4544921008 -0.8200063994 -0.3478885385
252
22.9676456960 12.0194212148 -5.4617741600
0.6350161007 0.2159889532 -0.7416895065
0.7419454808 -0.4378784707 0.5077197539
-0.2151080086 -0.8727033957 -0.4383119068
253
-21.1405022996 -8.4565934958 13.8526948747
0.4225154125 -0.4600035837 0.7809464957
0.4103456538 0.8653540199 0.2877131639
-0.8081442758 0.1988947542 0.5543858822
254
7.2969323712 -20.6720958468 -10.3534725172
-0.1327511259 -0.9690018837 -0.2083566364
-0.8055984755 -0.0169747713 0.5922186702
-0.5773978133 0.2464694839 -0.7783730203
255
-22.6442975198 19.6153127657 22.9207029308
0.4763130173 -0.6597369413 -0.5812685075
0.2905032942 -0.5058768645 0.8122169870
-0.8298998407 -0.5557299401 -0.0492999809
256
4.1933698635 22.7064650910 -21.1812237272
-0.5542681948 -0.8042339678 -0.2144632676
-0.4751888429 0.0942064127 0.8748261058
-0.6833610553 0.5867988385 -0.4343786269
257
-7.9402254615 4.3304626840 -22.8403286952
-0.8498345762 0.5252083553 -0.0440156401
-0.2645360840 -0.4972897875 -0.8262708560
-0.4558528855 -0.6905498177 0.5615506175
258
17.5986059367 3.4922582794 -8.4605268233
-0.9363150708 -0.1294196957 -0.3264423846
-0.3159333195 0.7162762726 0.6222012849
0.1532978335 0.6857104664 -0.7115482629
259
17.5420143245 20.2975522875 -0.6760490360
-0.5181266757 -0.4339958481 -0.7370158424
-0.3631486500 -0.6685477540 0.6489737734
-0.7743822092 0.6038969319 0.1887874188
260
1.1987058725 -13.4087878089 -3.5412543708
0.1962487664 -0.8946370931 -0.4013862148
0.2792492540 0.4433876662 -0.8517201603
0.9399501453 0.0550622297 0.3368410235
261
-21.5427863678 14.7835640772 12.7366913969
-0.2153935702 0.5799957231 -0.7856275015
-0.0906323620 -0.8129123894 -0.5752905545
-0.9723123905 -0.0527106104 0.2276624842
262
3.2682402746 1.6487844766 20.8507853388
-0.3037035099 -0.0627818884 0.9506958570
-0.8710830183 -0.3859351515 -0.3037571960
0.3859773999 -0.9203871431 0.0625216232
263
-11.8046954365 -4.3323268125 -13.6059119649
-0.0407745503 -0.8677705298 -0.4952895554
-0.9434939559 -0.1297187786 0.3049462145
-0.3288716943 0.4797367466 -0.8134470251
264
-11.3142310136 14.7258886651 -6.5478151214
-0.7730457742 -0.6308583702 0.0664676446
-0.6006347130 0.6942241679 -0.3965989741
0.2040543371 -0.3465119355 -0.9155824954
265
-19.3150582343 11.3074997552 -3.7425492805
0.6239454092 -0.2880020828 -0.7264619237
0.7123997618 -0.1724822250 0.6802473532
-0.3212144236 -0.9419685145 0.0975531228
266
-11.5358390905 -11.1671647469 0.1961247387
0.6977043631 -0.1027671579 0.7089763980
0.6752196847 -0.2363120909 -0.6987381292
0.2393470267 0.9662274613 -0.0954855689
267
20.2339914725 21.5922564746 -12.8027194680
0.0923795573 0.7785254649 -0.6207770276
-0.4773170101 0.5817666950 0.6585711689
0.8738618250 0.2354689217 0.4253467969
268
22.0938208077 -10.6901372886 -1.5877298362
-0.6390659067 0.0733106513 -0.7656502566
-0.2414297231 0.9260168714 0.2901800174
0.7302783412 0.3702948854 -0.5740864413
269
21.7970026881 -1.0380646505 6.3514725325
0.6059866306 0.6157883974 0.5035720934
-0.6365920593 -0.0041948478 0.7711893109
0.4770018380 -0.7879004081 0.3894639823
270
-13.1416155844 21.1814428527 -9.6856321785
-0.9614847071 -0.1029766491 0.2548391018
-0.2486690438 0.7208850519 -0.6469068315
-0.1170934014 -0.6853616211 -0.7187270578
271
-12.4335683853 13.2345757917 -2.2749222899
-0.3030488055 -0.8388577027 -0.4521937374
-0.7892410963 -0.0450125505 0.6124315162
-0.5340972882 0.5424865205 -0.6484199734
272
6.0796572136 -4.7778474862 0.1284940858
0.1924561299 -0.8635974272 -0.4660044226
0.9129913769 0.3316649197 -0.2375818319
0.3597323782 -0.3797339395 0.8522879509
273
-7.6890053276 -15.2797248315 -21.4808919532
0.0057095965 -0.2747336754 0.9615034104
-0.1662248445 -0.9484026239 -0.2700032668
0.9860713471 -0.1582841453 -0.0510825587
274
-17.2453946055 15.7154747081 2.8335438359
0.1683322995 0.9822609785 -0.0826293358
0.3402700688 0.0207696928 0.9400983459
0.9251381071 -0.1863652061 -0.3307378006
275
-12.7739342904 -18.1435247398 -5.7417983331
0.2728354073 0.2080361236 0.9392985744
0.0752756299 -0.9779632210 0.1947344808
0.9591112657 0.0175758306 -0.2824830440
276
-16.3326297607 -20.4011017289 -3.6550091645
0.2647095707 0.1548465799 0.9518147824
0.4685172967 0.8420499756 -0.2672889474
-0.8428643936 0.5166956312 0.1503503864
277
-11.7807475047 -20.7522952016 8.8150717634
-0.3474044734 0.9356170507 -0.0626966206
0.1419038896 -0.0136361596 -0.9897865130
-0.9269160792 -0.3527531567 -0.1280304358
278
-13.4289747804 -15.7244873098 6.3982585501
-0.5618323352 0.5805023401 0.5893737864
-0.8272381654 -0.3902571031 -0.4041984801
-0.0046308571 -0.7146442658 0.6994727504
279
23.1560057415 -3.9831985751 2.4724310250
0.2912767024 -0.7011891933 -0.6507623206
0.8319250919 0.5215072262 -0.1895543579
0.4722907200 -0.4861727350 0.7352397892
280
-8.7846192170 4.1335326289 -13.7326005686
0.4351802381 -0.8019281836 -0.4093034923
-0.2014267481 -0.5298024923 0.8238547107
-0.8775223220 -0.2760806176 -0.3920893610
281
-16.4658951933 2.3942673536 -7.9867562548
-0.1208185873 -0.4331650457 0.8931802237
-0.3111289066 0.8709585686 0.3803024790
-0.9426567098 -0.2319465781 -0.2399981508
282
-12.1260043197 -21.6292177288 -9.8479808245
0.1905987046 -0.1532274883 -0.9696357412
0.8345415447 -0.4948334672 0.2422400667
-0.5169260527 -0.8553719522 0.0335600869
283
13.5198481489 18.9131149996 4.5527926850
-0.7951364476 0.5075591371 -0.3318761096
-0.6054357129 -0.6957413010 0.3865121466
-0.0347221447 0.5082595442 0.8605036946
284
-5.1330774416 -0.7029195341 22.9474452112
0.4331983524 -0.3211570556 -0.8421385474
-0.9006635222 -0.1893215684 -0.3911042873
-0.0338290892 0.9279092033 -0.3712682364
285
-4.8120980676 10.0879618046 -9.5037129611
-0.4520317417 -0.3371721429 -0.8258221664
0.6634418186 -0.7459299221 -0.0585961148
-0.5962484867 -0.5743722639 0.5608781015
286
4.9899717228 -20.4545135704 -12.1727227107
-0.5399647448 0.8181174626 -0.1977925473
-0.2792850023 0.0475300486 0.9590311684
0.7940012354 0.5730835122 0.2028233868
287
-22.5829784030 5.1407775819 -12.6558109396
-0.0496538715 -0.2772865155 -0.9595033513
0.9808446358 -0.1947136839 0.0055119614
-0.1883568248 -0.9408500251 0.2816432795
288
6.7800164752 -21.8451427354 -21.5545250340
-0.8687740337 0.3004436963 0.3936562762
-0.2941280305 0.3264625813 -0.8982821855
-0.3983972641 -0.8961895829 -0.1952533010
289
-20.3298496634 -9.7651513248 -8.9149512088
-0.0815988151 0.8999842430 -0.4282172296
0.6236788960 -0.2890232571 -0.7262851999
-0.7774099743 -0.3263340608 -0.5377172237
290
-5.6510183795 3.7773142140 -16.5059418842
-0.1192278541 0.7746255979 -0.6210796261
0.9731624307 -0.0328316420 -0.2277651572
-0.1968237849 -0.6315673094 -0.7499220836
291
6.1426725188 19.5187982844 -10.8000500631
0.0583227424 -0.9233413375 -0.3795250086
-0.9954284347 -0.0825920167 0.0479665544
-0.0756352384 0.3749924443 -0.9239372151
292
0.0269369929 -15.8126250729 16.8462711197
-0.1111325200 -0.7610978953 -0.6390458175
0.9891615932 -0.0226205778 -0.1450780897
0.0959630432 -0.6482424726 0.7553626885
293
-4.2806796301 8.1931960063 18.0595664513
0.3356364028 -0.2262987941 -0.9144053045
0.2790483367 0.9510308935 -0.1329370726
0.8997111930 -0.2105447584 0.3823488902
294
-15.5942799126 -18.0720549132 -10.7433960085
-0.7044425607 -0.7086868648 0.0390333988
-0.0208025530 -0.0343560766 -0.9991931314
0.7094560820 -0.7046861625 0.0094593866
295
3.8839722025 -12.9205956854 9.5391344109
0.9322880367 0.1371789924 -0.3346952953
-0.1520981586 0.9881895101 -0.0186451749
0.3281846536 0.0682892117 0.9421419303
296
20.1861393922 14.5826180260 -1.9909283397
0.8140999189 -0.3175783169 -0.4861947499
-0.1815466367 0.6560776630 -0.7325318552
0.5516177489 0.6846211454 0.4764574969
297
0.6152339074 -10.6283496118 -2.8779519939
-0.7746926765 0.4974461191 -0.3903826527
-0.2686520333 0.2999547982 0.9153432165
0.5724310806 0.8139867798 -0.0987328741
298
6.4391661287 -13.7312202196 16.0711136322
-0.1227614371 0.0875405746 0.9885677910
-0.1909346997 -0.9795767792 0.0630339129
0.9738960777 -0.1810137604 0.1369687865
299
2.0313707604 -12.8311827336 12.8151841482
-0.3240126086 0.2323066450 -0.9170874834
-0.7247980658 0.5620551003 0.3984492791
0.6080161127 0.7938058244 -0.0137375322
300
-17.7714724094 -7.7423206849 15.0937147451
-0.1374085650 0.9832145593 0.1200333980
-0.9311363926 -0.1695461079 0.3228608613
0.3377926950 -0.0674036176 0.9388039452
301
-22.8258870612 3.0524891827 6.9588043579
0.8182983515 0.4892754096 -0.3016577223
0.2334419848 0.1966877971 0.9522703137
0.5252548407 -0.8496608053 0.0467318774
302
8.2599532993 22.1682471370 -4.5567475098
0.5585684046 0.4387175373 -0.7039376818
0.8140676885 -0.1272278989 0.5666629160
0.1590444467 -0.8895729224 -0.4282112560
303
-13.4017581152 -3.9054425864 9.4714826524
0.7987837643 0.5762864006 -0.1727381902
0.0183217763 0.2636874207 0.9644341640
0.6013391808 -0.7735392223 0.2000706400
304
17.0285013472 -9.4446603384 21.3884331557
-0.8908400394 -0.0741175123 0.4482305418
0.2100167760 -0.9420424173 0.2616276704
0.4028609910 0.3272043375 0.8547750250
305
7.6697580395 -13.2924702413 -15.9334085140
-0.8109874401 0.4962186812 0.3099457896
-0.5091759826 -0.3376886953 -0.7916477525
-0.2881652144 -0.7998333361 0.5265239252
306
-9.0471655519 16.8874402361 -9.9013534918
0.4783758423 0.4023651788 -0.7805503292
0.6736708263 -0.7383265194 0.0322733411
-0.5633153391 -0.5412727720 -0.6242592530
307
7.3985245036 19.6491836751 -10.8401531536
0.1036542262 -0.9193378088 -0.3795705399
-0.9930693532 -0.1169168521 0.0119878831
-0.0553991069 0.3756972758 -0.9250851290
308
8.8118966041 -15.8486409218 -9.9348936025
0.6060999242 0.0113035009 0.7953081872
-0.6835254091 0.5187208021 0.5135384548
-0.4067381184 -0.8548689726 0.3221228689
309
-0.4875800584 -9.4661710774 -16.1779539804
0.0285037781 -0.3072549546 -0.9512002564
-0.7347317114 -0.6516484116 0.1884772132
-0.6777586937 0.6935046795 -0.2443244003
310
0.1502884012 -20.0667483929 7.3322818638
0.0868880715 0.2722090780 0.9583071954
0.0637230207 -0.9614938968 0.2673366099
0.9941779718 0.0378378667 -0.1008883351
311
21.5576134575 18.2523191493 14.9531238190
0.7807651703 -0.6219275610 -0.0600987334
-0.5724572788 -0.7505574992 0.3300849957
-0.2503965112 -0.2233149105 -0.9420361129
312
-9.7520071951 -7.1899630858 16.3491022831
-0.9850926485 -0.1142713103 -0.1285867085
-0.1710493736 0.5711786294 0.8028057580
-0.0182916859 0.8128327264 -0.5822099048
313
16.5353009017 4.9093056606 -11.4551220908
-0.0946733462 -0.3994917231 -0.9118351390
-0.1707839901 -0.8958522549 0.4102213623
-0.9807496043 0.1945638723 0.0165865402
314
20.9540892597 -19.1199296986 -1.5573971979
0.5075648134 0.8544816321 0.1106304686
-0.5645744725 0.2328361856 0.7918604521
0.6508714353 -0.4643796411 0.6005979718
315
-12.2725244856 0.2101809386 -22.4690873727
0.6250382278 -0.2655467125 -0.7340382533
-0.4869983374 0.6022525768 -0.6325539132
0.6100490417 0.7528457858 0.2471100758
316
1.1149158991 0.9959349064 5.6719508111
-0.4221870849 0.9011780969 -0.0981636541
-0.1166808548 0.0533647628 0.9917347328
0.8989680992 0.4301514149 0.0826203172
317
-14.9953076127 21.4622169548 3.6983005338
0.1173803805 0.3332176977 -0.9355147312
-0.7777365453 -0.5549379938 -0.2952451341
-0.6175335719 0.7622399812 0.1940167482
318
14.6821187574 -21.7073207004 -12.0054576154
0.0950886151 -0.4067996302 -0.9085550156
-0.9438776534 0.2531646249 -0.2121382761
0.3163117620 0.8777367109 -0.3598960067
319
10.9289285520 17.6765266567 20.9603990502
-0.6773268592 0.2593549633 -0.6884499465
-0.1179408784 -0.9619747215 -0.2463627090
-0.7261668369 -0.0856716885 0.6821598689
320
-8.7301998570 13.5172664407 -12.5160890919
0.0863017156 -0.3461008426 0.9342195783
-0.1396636280 0.9242553520 0.3553112936
-0.9864309833 -0.1611404698 0.0314271231
321
-22.3790683290 0.3915471977 -2.3592638026
-0.5101346612 -0.4655862282 -0.7231819215
-0.3427007636 -0.6611613225 0.6673993499
-0.7888718615 0.5882985379 0.1777245514
322
-6.8346894383 4.0453975144 21.4348918093
-0.6892668957 0.7042025400 -0.1703230138
-0.3225958554 -0.5088010877 -0.7981562298
-0.6487241791 -0.4951971686 0.5778725671
323
-8.2797422176 7.1401625370 -4.6380224304
-0.3163702146 0.7433781377 -0.5893206528
0.6566356595 -0.2767459326 -0.7015991017
-0.6846455273 -0.6089340138 -0.4005744236
324
-16.0308674195 20.7180912817 3.3012300135
0.1281250139 0.3485604710 -0.9284877914
0.7667707020 0.5589553744 0.3156447055
0.6290045082 -0.7523792179 -0.1956497919
325
13.6727288745 4.1376873699 -22.0284701433
-0.2248565293 -0.3023342687 -0.9263009939
0.4363323912 -0.8812464264 0.1817107051
-0.8712368137 -0.3633162891 0.3300722472
326
13.2484475488 -20.4991895588 -4.5951451967
0.2901736193 -0.7258416743 0.6236610735
-0.7917106150 -0.5481754276 -0.2696256714
0.5375812243 -0.4155208351 -0.7337226062
327
-13.2464792085 -5.5368684869 -20.1782273461
0.8142927112 0.5653760870 -0.1314429938
0.5669328019 -0.7260710914 0.3891117686
0.1245575312 -0.3913702219 -0.9117646465
328
-19.6136908262 -5.9085864396 6.6035844551
0.5130764774 -0.0440205972 -0.8572133430
-0.8580894218 -0.0505744371 -0.5110036895
-0.0208583947 0.9977496748 -0.0637221629
329
-17.7545662655 12.5094899955 -17.3685301639
-0.7532077559 0.1430780435 0.6420332935
0.4694094100 0.8006724110 0.3722613277
-0.4607959225 0.5817665888 -0.6702348499
330
13.4764750463 16.1656296259 19.6095966250
0.7413102430 -0.6610492785 -0.1160731458
-0.5327713680 -0.4744082416 -0.7007792018
0.4081835286 0.5813352490 -0.7038718173
331
-2.8795552679 5.6127744167 7.6062187798
0.3434985470 0.4219159642 0.8390444967
0.7183531438 0.4574556076 -0.5241212913
-0.6049607499 0.7827651539 -0.1459493227
332
-10.0393397460 1.4297489528 3.4034628413
-0.4000500801 -0.2583330606 -0.8793315434
-0.5397926308 -0.7089673051 0.4538604147
-0.7406644646 0.6562235825 0.1441761448
333
7.0977426637 22.3132233920 -5.3395740518
-0.5109821671 -0.4512117019 0.7316455598
-0.8363682063 0.0644654274 -0.5443642458
0.1984576740 -0.8900855065 -0.4103198056
334
4.1745189999 -15.8882063675 -18.6444456873
0.5876821939 0.0572869189 0.8070612417
-0.2220512282 0.9706091321 0.0927963610
-0.7780249939 -0.2337437089 0.5831303350
335
18.2641299737 -17.8128250544 -18.3942581289
0.4872522711 -0.3559485363 0.7974245192
-0.4423301295 -0.8879463188 -0.1260769264
0.7529470639 -0.2912936221 -0.5901006226
336
-1.4113435612 -5.1939872063 -9.6188719845
0.1888978441 0.9272227727 -0.3233814069
-0.9718209959 0.2237978803 0.0740166240
0.1410019727 0.3002872603 0.9433694955
337
-13.2461089442 -10.9233429889 -2.9515162920
-0.4320530656 -0.4655518361 -0.7723934467
0.0646644678 -0.8702437751 0.4883587599
-0.8995269063 0.1610504882 0.4060961526
338
-10.0888924279 4.2481430665 11.3053702917
0.5164285179 0.0555052108 -0.8545295533
-0.7584443744 -0.4336508456 -0.4865275686
-0.3975722787 0.8993698437 -0.1818520486
339
14.6054770271 16.1376245536 -17.2470456444
0.2861639310 -0.1255898744 -0.9499144109
0.7981920411 -0.5172118658 0.3088387144
-0.5300940201 -0.8465926230 -0.0477625425
340
-22.4515173824 -12.6347935936 19.8731220837
-0.2253981297 0.9695243188 -0.0960118657
-0.9265825400 -0.1828698361 0.3286387371
0.3010655736 0.1630374749 0.9395628250
341
19.9996007964 9.3874768130 -5.6589553474
0.4349511996 0.0189775284 0.9002540238
0.7482119512 -0.5638741899 -0.3496065988
0.5009953392 0.8256426293 -0.2594569688
342
4.7839861977 14.8855260014 8.7219062883
-0.0657955907 0.8767368986 0.4764486865
-0.1623088375 0.4617206322 -0.8720492526
-0.9845439460 -0.1347088282 0.1119229651
343
11.6532950705 4.8907318076 -16.0532238064
-0.6154189256 0.7842081093 0.0792287031
-0.6354044224 -0.5530832312 0.5388507766
0.4663912158 0.2812766976 0.8386671885
344
9.5957393022 11.7274405997 0.8041379295
0.0627053934 0.8763823409 -0.4775165192
-0.4287673653 -0.4083985151 -0.8058344739
-0.9012361400 0.2552736676 0.3501553578
345
-13.2767679816 -18.5724029094 -14.6185504579
-0.7927674960 0.5258033509 0.3083026653
-0.5691130296 -0.4574293969 -0.6832779129
-0.2182431140 -0.7171395839 0.6618766957
346
18.0002982038 -6.2616078424 -10.5653748730
-0.4987383987 0.8571305298 0.1287915541
0.2121488317 -0.0233537432 0.9769582775
0.8403885309 0.5145695847 -0.1701918320
347
-8.5813597077 18.2564323423 -7.7808366301
-0.9144226501 0.0912099581 0.3943500482
0.0719806714 -0.9221053120 0.3801849240
0.3983089254 0.3760352870 0.8366286291
348
-13.5424980410 22.1887936194 -10.5472832535
0.9406268992 0.1584260331 -0.3002036449
0.3170552664 -0.7259225204 0.6103379821
-0.1212311612 -0.6692814702 -0.7330520577
349
-8.8455718965 1.0052752187 -3.7776190997
-0.5842833102 -0.5212351820 0.6220344834
0.3042481953 -0.8512624860 -0.4275338766
0.7523603187 -0.0605480397 0.6559633266
350
10.5111501076 12.3452145945 -20.7112021655
0.0066441319 -0.9995593872 0.0289290017
-0.9232252428 0.0049834663 0.3842269070
-0.3842017783 -0.0292608389 -0.9227853471
351
9.7746325706 -8.7093472132 -2.6649792623
-0.5715262773 -0.0941293559 0.8151670864
0.1115643500 0.9752616366 0.1908353636
-0.8129643967 0.2000110110 -0.5468861721
352
-3.4729880877 -7.8814199294 -5.6527865210
0.5947091092 0.6038330151 -0.5307605536
0.4629225634 -0.7969705109 -0.3879957539
-0.6572851555 -0.0149564269 -0.7534935499
353
-4.5129917741 -11.2828727428 -22.6355066250
0.0239729015 0.9759332453 -0.2167477815
0.5619198293 0.1661655018 0.8103302607
0.8268442449 -0.1412208439 -0.5444127733
354
5.2872562899 -14.9613453968 13.7659724785
-0.8341030039 -0.5342097561 -0.1374485920
0.5119222259 -0.8424810307 0.1678134302
-0.2054454031 0.0696106970 0.9761898060
355
19.4311762689 -13.5975179632 20.8336318076
-0.1884327212 -0.7102237613 -0.6782885216
-0.5963811981 -0.4659809503 0.6535986694
-0.7802708351 0.5276778969 -0.3357580392
356
-16.6926351561 -2.4191007170 1.0316426727
-0.2608272332 -0.9638144377 -0.0550534652
0.2671491367 -0.1268611440 0.9552683335
-0.9276855573 0.2344525107 0.2905710361
357
20.0595377428 -15.6524300091 -8.9689520046
0.0123665678 0.7101607213 0.7039309752
-0.5280848148 0.6024388100 -0.5984930314
-0.8491015820 -0.3643339539 0.3824751934
358
17.7051869570 -2.5387213819 12.1383399066
0.5497709155 0.8331076588 -0.0606924152
0.8137317114 -0.5177396217 0.2641711300
0.1886601236 -0.1946209470 -0.9625643068
359
17.5406179782 -15.5106804523 22.1241170861
0.0480776359 -0.6911010763 -0.7211572944
0.7508088770 0.5011801747 -0.4302376816
0.6587674636 -0.5207664877 0.5429803809
360
0.0338354176 -21.1754681546 13.1512913548
-0.4192720337 0.7862420868 0.4539100602
0.8124496486 0.1018275826 0.5740703021
0.4051376682 0.6094706919 -0.6814755648
361
13.3973135290 9.7265766424 17.3332285067
0.4890815085 0.3517028479 -0.7981881888
0.8016126078 0.1794843902 0.5702653599
0.3438262715 -0.9187439580 -0.1941469407
362
22.8041746648 22.2239353726 17.6431703987
0.2237203483 0.6767605192 0.7013874859
0.2468259292 -0.7355090399 0.6309543665
0.9428818412 0.0319632873 -0.3315903827
363
22.4291416067 -20.7435471572 0.1310096135
-0.1558157473 -0.4111217469 -0.8981649972
0.9634730772 -0.2637519532 -0.0464169879
-0.2178097390 -0.8725902913 0.4372014422
364
-0.2948517669 17.2279514611 -14.4355151334
-0.1900854765 -0.9671806676 0.1686092162
0.9749812537 -0.2061248345 -0.0832112220
0.1152348320 0.1485735803 0.9821643572
365
-12.9661201676 17.6829296312 2.3417342559
0.0384466877 -0.9571200227 0.2871290902
-0.9940878804 -0.0074353588 0.1083235959
-0.1015437748 -0.2895962321 -0.9517472795
366
19.4081386633 19.3691671872 -9.3778665331
0.5348933824 0.4229674068 0.7314284942
0.4332177240 0.6059333087 -0.6672085348
-0.7254043514 0.6737532176 0.1408727397
367
5.9111863272 6.6914539780 -4.8506487044
-0.9005093691 -0.4246579131 -0.0935335937
0.3636729858 -0.6175869364 -0.6973724510
0.2383796040 -0.6620060671 0.7105794335
368
17.1388581648 -21.7187155640 18.3344752240
0.8490095288 0.1601301346 -0.5035287082
0.1145380915 0.8745357529 0.4712411725
0.5158137702 -0.4577614630 0.7241481875
369
-18.4387852265 -5.7929687431 7.3558114427
0.5633647344 -0.0424767630 -0.8251156892
0.8235175462 0.1094032688 0.5566415147
0.0666260239 -0.9930894468 0.0966143031
370
10.8245197341 -11.6468028210 -17.1450681044
0.3533398099 0.5370361030 -0.7659916468
0.4889716066 0.5920323128 0.6406282140
0.7975322857 -0.6009076174 -0.0534068213
371
14.5054996825 12.5702568920 -20.7145815050
-0.8570740066 0.4019747704 0.3222428141
0.4167601394 0.9086715663 -0.0250393847
-0.3028780835 0.1128373544 -0.9463258413
372
22.5372586832 22.3865224494 9.6453705970
-0.6401719563 -0.3696194500 0.6734696197
-0.0502129935 0.8949063753 0.4434199305
-0.7665888870 0.2500480787 -0.5914536640
373
-13.9174306326 -7.7560550380 9.6826266992
0.8957924741 0.0069977310 0.4444174560
-0.3231361474 0.6967946027 0.6403595177
-0.3051866209 -0.7172365813 0.6264445809
374
-3.3236405286 -0.0958198676 -6.8624916457
-0.2466260796 -0.9257212718 -0.2867328092
-0.3053764851 -0.2065640426 0.9295571519
-0.9197395171 0.3168144936 -0.2317494280
375
10.8126436549 16.0227261946 -14.0237261536
-0.4329043422 0.5898008663 -0.6817101794
0.7426504250 0.6619973543 0.1011427165
0.5109443970 -0.4624872333 -0.7245973932
376
-16.4134069623 -9.9556025118 3.2523510355
-0.2014441964 0.6442660307 0.7377950376
-0.9740789501 -0.2109043401 -0.0817897197
0.1029098375 -0.7351466800 0.6700514341
377
-12.2219677974 10.6493221820 -0.7407542384
-0.5483569125 -0.8348210415 -0.0487701279
-0.7795339288 0.4891886126 0.3911794410
-0.3027070371 0.2525239199 -0.9190212835
378
-16.2247852278 -1.2165174120 13.0805959147
0.1926447310 -0.3735494528 -0.9073857030
-0.3396636997 -0.8929265767 0.2954838402
-0.9206066363 0.2512825800 -0.2988987893
379
5.7867271348 1.4134595806 -0.3949302754
0.4426526417 -0.4571261726 0.7714235550
0.8785341416 0.0488328714 -0.4751769278
0.1795449829 0.8880602530 0.4232169491
380
0.9030531611 12.4146546060 -1.3062027783
-0.9900110150 -0.1386142525 -0.0257736128
0.0698882584 -0.6412404782 0.7641506923
-0.1224492609 0.7547163296 0.6445226454
381
3.8296489261 11.9389429836 13.7172965306
-0.2386038849 -0.1089469494 -0.9649863981
0.7683693027 -0.6288479322 -0.1189911454
-0.5938659787 -0.7698576754 0.2337570512
382
2.4979830852 14.6727296338 -0.9769171137
-0.2598601307 0.7538907013 0.6034248279
0.6970707329 0.5788933530 -0.4230542270
-0.6682552699 0.3106948604 -0.6759464461
383
-21.8139846847 -10.2068726692 20.6558358642
-0.2138990994 -0.9671684062 -0.1372313715
0.9594925044 -0.1816442398 -0.2153590120
0.1833611443 -0.1777375711 0.9668443756
384
9.2995963967 12.3780188787 -20.2229254430
0.0194541220 0.9994434073 -0.0271000505
-0.9321762514 0.0279313185 0.3609255849
0.3614816364 0.0182405331 0.9322007881
385
7.9869732807 -10.0117657606 9.6441734445
-0.8506436775 -0.1303471818 -0.5093279356
0.0060240576 -0.9711309749 0.2384708373
-0.5257081363 0.1997854892 0.8268716428
386
10.2526724935 2.5966409006 -3.8043419319
0.9058355264 0.1449241714 -0.3980690688
-0.1159536362 -0.8189575211 -0.5620171997
-0.4074515349 0.5552527020 -0.7250363326
387
-20.3713297589 15.8488095988 10.0870279787
0.8144383725 -0.4932175413 0.3056576423
-0.3874563547 -0.8543867133 -0.3462671186
0.4319348453 0.1635842327 -0.8869455949
388
12.4270997934 -13.9940749136 13.2408345556
-0.4588605943 -0.7973780812 -0.3919632006
-0.8391628775 0.5338965997 -0.1037308340
0.2919805135 0.2813229751 -0.9141141961
389
-4.8380902660 22.9557081105 -19.6024672292
-0.3498584381 0.9367812305 0.0063245143
-0.6886083897 -0.2617392262 0.6762477823
0.6351516030 0.2322358794 0.7366470916
390
0.8180747018 -22.2340029502 3.6834156085
-0.7666399529 -0.6167170429 0.1786708469
0.3561982616 -0.6400261326 -0.6808005200
0.5342152946 -0.4582866335 0.7103431428
391
-3.5574841352 -4.9009414365 12.4316262033
0.8251630967 0.5531936415 0.1143794520
-0.4319592737 0.4874281232 0.7588313453
0.3640289134 -0.6755668877 0.6411648230
392
11.4005811404 -15.0669799480 -0.9860651047
-0.0923020851 -0.9940932197 -0.0570876132
0.3798841307 -0.0881524498 0.9208241922
-0.9204174989 0.0633073146 0.3857768935
393
13.3993885090 -9.4330600436 -5.4481011218
-0.8947229291 -0.3747651154 0.2429444142
-0.4151314493 0.4972019146 -0.7618767195
0.1647323889 -0.7825224369 -0.6004347390
394
16.3983989175 21.9891073634 -2.4451894765
-0.3985196757 0.8303153640 0.3895618877
0.7996377932 0.5225749069 -0.2957953116
-0.4491786590 0.1936281566 -0.8722079278
395
6.4372234927 -18.5020985199 -17.9994901757
0.9086721933 0.4079805986 -0.0886942857
-0.1336276800 0.4854515656 0.8639909842
0.3955483386 -0.7732325709 0.4956338397
396
2.3304092606 21.9360349337 -3.4484921177
-0.4015197000 -0.2309065092 -0.8862641336
0.2789939407 0.8908638531 -0.3585024077
0.8723212203 -0.3912081023 -0.2932778700
397
8.2748158703 -16.0368221357 13.8397755841
0.1765058154 0.1494383345 0.9728894497
0.1051578824 -0.9856138477 0.1323146367
0.9786661928 0.0789526915 -0.1896811946
398
-21.4262367131 -1.3920103694 13.8364901512
0.6629282685 -0.6700246982 0.3340554065
0.5674056353 0.7407263082 0.3596878944
-0.4884434009 -0.0489023529 0.8712241986
399
-16.6632133051 -2.2493766308 -7.1349406190
-0.7897470149 0.6031495466 -0.1118493494
0.4569671774 0.4568062641 -0.7632227957
-0.4092439997 -0.6538644061 -0.6363809292
400
-19.3679245299 -21.8523278908 18.3174088116
-0.1636207527 0.5614297661 0.8111873194
-0.6908078852 -0.6522242615 0.3120704705
0.7042817016 -0.5093133913 0.4945575338
401
12.3979212486 10.3337505753 14.0912441323
0.7495744635 -0.2875177822 -0.5962144317
0.6213441748 -0.0048822136 0.7835225461
-0.2281875110 -0.9577628563 0.1749879164
402
11.4437136857 19.9990631627 18.9776425893
0.6920032630 0.0053077768 -0.7218748587
-0.7051116179 0.2193372985 -0.6743209590
0.1547549362 0.9756346534 0.1555247014
403
17.4847808490 -10.4037873292 -0.8066731188
-0.4361593462 -0.7766516301 0.4545077230
0.8951213275 -0.3226331896 0.3076778089
-0.0923191955 0.5410361082 0.8359169191
404
-9.1769718254 -21.6471092975 5.8865984850
0.6138866382 0.4035933436 -0.6784214092
0.7251330482 0.0513328743 0.6866927978
0.3119699633 -0.9134973175 -0.2611463058
405
-13.6882211476 7.9993495341 -10.2503855360
0.3042330563 0.5752748738 -0.7592766735
0.4915364628 -0.7775559842 -0.3921716425
-0.8159866133 -0.2539005930 -0.5193268102
406
10.4135940639 -15.6629679544 -14.2244455643
-0.0838006698 0.8334157658 0.5462559921
-0.8229695026 -0.3669791967 0.4336444016
0.5618706662 -0.4132123309 0.7166288607
407
-14.7246348315 17.3392567020 1.6980466645
-0.0628260936 0.3023832658 -0.9511136854
0.5623895782 -0.7765574070 -0.2840361876
-0.8244821673 -0.5527413085 -0.1212691289
408
22.8908864569 -12.3572575418 -13.9905224267
-0.8115886959 0.5406447295 0.2214205618
-0.5314926500 -0.8406052038 0.1043956624
0.2425682411 -0.0329570616 0.9695743811
409
10.7489687043 16.3460526971 20.6357380574
-0.6844417024 0.2474670099 -0.6857839566
0.1386451409 0.9676462161 0.2108039977
0.7157632855 0.0492024337 -0.6966075218
410
-5.4380204159 13.5606027484 10.6362672556
0.8012431687 -0.2764875680 -0.5306260542
-0.2966175678 0.5866454251 -0.7535682873
0.5196416101 0.7611844519 0.3880345694
411
22.2722785480 -15.2040727897 -2.9145201759
0.3442290398 0.9154610113 0.2084166620
0.7175624035 -0.1133642340 -0.6872064810
-0.6054837447 0.3861083880 -0.6959236650
412
2.8346092307 -9.1530055522 10.1668112510
0.4380594764 0.2202120819 -0.8715563862
0.8859408673 0.0585625316 0.4600860893
0.1523570641 -0.9736924919 -0.1694410109
413
13.1188402554 -1.2099380026 12.2414404050
-0.5456868748 -0.5637674631 0.6199936148
-0.3242114755 0.8242771215 0.4641703848
-0.7727307123 0.0522826420 -0.6325770874
414
19.4585943382 7.7162580395 -9.0444068499
0.0281312653 -0.9645970424 -0.2622235262
0.3946531835 0.2517341955 -0.8836734463
0.9183994211 -0.0786284973 0.3877628950
415
21.7207144079 -17.9035323453 -11.3896867019
0.3262442291 -0.2074851989 -0.9222334820
-0.8029734987 0.4539717887 -0.3861905947
0.4987968158 0.8665214984 -0.0184994399
416
4.8415870274 -22.2879654296 8.6347001548
-0.8251855529 -0.2698426381 0.4962396134
0.2936099200 -0.9554130018 -0.0312923441
0.4825577873 0.1198788830 0.8676214816
417
-5.2797691403 21.4435263906 -1.3730450760
0.7604732409 0.3024750828 -0.5746209829
0.6322113318 -0.1427967767 0.7615234156
0.1482878341 -0.9424000768 -0.2998213025
418
1.2197048627 19.2062311640 22.9267985565
0.3026272639 -0.4738476327 -0.8269734943
0.7763090738 0.6259269638 -0.0745631142
0.5529565635 -0.6194221961 0.5572747813
419
-22.4055594200 11.4179180062 -4.7858941563
-0.5881221283 -0.2348006537 0.7739386378
-0.7790183912 0.4216314624 -0.4640660041
-0.2173538785 -0.8758399185 -0.4308848205
420
-0.6197515008 4.6353292577 -0.7337529755
-0.6581660803 0.7371424168 0.1530962708
-0.2024427258 -0.3691390553 0.9070574959
0.7251443674 0.5660012502 0.3921839252
421
-21.5361380119 1.6788073883 19.5415616592
0.9046939798 0.3476912059 0.2462511488
-0.4063691445 0.5304743271 0.7439496668
0.1280348443 -0.7731156536 0.6212079081
422
-16.4547330034 -22.5617380246 17.0787552527
0.0716551238 -0.4102286714 0.9091633408
-0.9327556912 -0.3504398299 -0.0846093742
0.3533162377 -0.8419645852 -0.4077539373
423
10.8371014991 21.3847769281 -8.6857371769
0.5597464959 0.6440916831 0.5213729604
-0.2990874234 0.7437921341 -0.5977624733
-0.7728069445 0.1786593545 0.6089747626
424
15.2022698762 11.4811744799 5.6207595070
-0.4305787474 0.4957290598 -0.7542245300
-0.5176636891 0.5488989808 0.6563034465
0.7393417663 0.6730249685 0.0202766983
425
18.7031614427 -6.7363669571 -5.9702188278
-0.2603136250 -0.9419668184 0.2119795498
0.2860654393 -0.2849351600 -0.9148653010
0.9221731838 -0.1775118798 0.3436366562
426
-0.4120227995 13.4400825907 0.7159890903
-0.4341279448 -0.8805175794 0.1903200460
-0.7342016743 0.2234135524 -0.6411195566
0.5219969627 -0.4180612118 -0.7434675475
427
-22.5318988071 -0.0970422339 -12.1870451857
-0.4552379050 0.7921733180 0.4064724887
0.1442415352 0.5161062702 -0.8442918319
-0.8786084619 -0.3257234291 -0.3492154328
428
-15.2844191048 1.6204972947 22.0376294858
0.9621977712 -0.1523541060 0.2257513577
-0.1054315417 -0.9726354142 -0.2070375356
0.2511167839 0.1754097416 -0.9519305560
429
12.7290433981 -15.6519224235 15.2587904938
0.3290371951 -0.4756997366 -0.8157476845
0.8574351820 0.5124387723 0.0470256660
0.3956506451 -0.7149239575 0.5764931067
430
-7.0720395199 -14.5641209246 -8.2365646934
0.2054884090 0.8191776668 -0.5354647178
0.3208555798 0.4605087062 0.8276372566
0.9245681212 -0.3418767056 -0.1682085239
431
-12.2614705740 -15.3287593884 -3.2356615839
0.4411644687 0.5720989197 -0.6914309348
0.4497518794 -0.8076663191 -0.3813113739
-0.7765933032 -0.1427513327 -0.6136162470
432
0.8405011654 -12.5280727031 2.6590573075
0.4466988232 0.0724660707 0.8917448233
-0.7707583974 -0.4749429839 0.4246888920
0.4543034825 -0.8770278392 -0.1563026395
433
3.1195489428 -17.2540879239 22.7124105438
-0.5221757523 -0.2345494418 0.8199506344
-0.8437090086 0.0017763080 -0.5367978703
0.1244491560 -0.9721025687 -0.1988190219
434
6.7826552632 17.6412357619 1.3164892550
0.4254596160 -0.3766808506 -0.8228582211
-0.7230522574 -0.6882883020 -0.0587762405
-0.5442238035 0.6199764110 -0.5651988160
435
-15.4336462393 -8.0129423530 -1.9431874349
-0.1351602387 -0.0434218037 0.9898718386
0.2224057884 0.9722162462 0.0730153132
-0.9655399397 0.2300219939 -0.1217477195
436
18.2936329820 -6.2981633123 -9.3492152382
0.4871916803 -0.8589785380 -0.1574805955
-0.2582897865 0.0305295877 -0.9655849680
0.8342245818 0.5111005924 -0.2069916222
437
-18.1221341312 -11.1322010703 12.0180869677
0.0105591069 0.9604927749 -0.2781045391
-0.6126204657 -0.2135985303 -0.7609676950
-0.7903066938 0.1784076714 0.5861621214
438
6.0572177538 11.9553713693 -19.3374983517
-0.6251441542 0.0310659122 -0.7798908229
-0.2565059306 -0.9518843698 0.1676927371
-0.7371563565 0.3048787556 0.6030335400
439
-13.6571063707 -3.1637797436 14.2665358138
0.7897821905 0.3131817165 0.5274099961
0.0053055078 -0.8632875302 0.5046845469
0.6133644457 -0.3957926891 -0.6834707046
440
-22.9245367125 2.2149467640 13.9415419876
-0.6029007270 0.2405377297 0.7606919968
0.1632306630 -0.8961084634 0.4127291755
0.7809394753 0.3730029790 0.5010013109
441
-16.2501738737 0.8374276271 -22.9582701817
0.3645451358 0.5159525901 0.7751772499
-0.1841993113 -0.7760576618 0.6031625977
0.9127855486 -0.3626671066 -0.1878699339
442
13.0308620702 -6.1727458710 9.0618921332
-0.8120851060 0.5709604936 -0.1205068275
0.2129143902 0.0976430397 -0.9721796641
-0.5433095279 -0.8151502632 -0.2008601635
443
-15.6210935098 -18.0371915652 -9.4416809106
-0.7082198763 -0.7059453975 -0.0081057079
-0.0563415475 0.0450709383 0.9973937239
-0.7037401771 0.7068307480 -0.0716941905
444
-3.8824887976 -23.0936034300 -20.5082775040
-0.3385316419 0.9409373399 0.0057662750
-0.7073380538 -0.2585187897 0.6579064622
0.6205394468 0.2186434492 0.7530775770
445
19.4128841605 -10.1548334604 -18.7269615178
-0.1799228445 0.7999308207 -0.5724844557
-0.8867387995 -0.3838248086 -0.2576292257
-0.4258192945 0.4612907959 0.7783885470
446
14.0728440962 -12.0139748910 16.7266009729
-0.2300440589 -0.4641758262 -0.8553481943
-0.0520754153 0.8835327873 -0.4654653209
0.9717859240 -0.0625349192 -0.2274236175
447
18.5451357599 1.7601704042 2.2538234477
-0.8739999755 0.3828531159 0.2992449405
-0.4184466696 -0.2799117578 -0.8640322868
-0.2470352758 -0.8803822462 0.4048464808
448
4.8757834671 -3.2884378559 -2.4246934250
0.9369617949 -0.0602730929 0.3441943481
0.2900082066 -0.4153565779 -0.8621914829
0.1949303339 0.9076596650 -0.3716935532
449
5.0337723325 17.7086399406 21.4322068504
0.3498170095 0.8683205199 -0.3516355139
-0.1416263872 -0.3220189397 -0.9360800014
-0.9260507687 0.3772575741 0.0103293957
450
-12.4938481221 8.6873614741 2.4045897288
-0.9974893248 0.0016075250 -0.0707987483
-0.0432986030 0.7772617905 0.6276857017
0.0560381824 0.6291752736 -0.7752407350
451
20.2531442100 -13.5227541930 3.6165208483
0.6480704376 0.7403601621 0.1785260155
0.4117301199 -0.1433965070 -0.8999531933
-0.6406894852 0.6567375976 -0.3977596153
452
-8.0493604535 -22.7513174519 9.5971530284
-0.7929578546 -0.1103726173 -0.5991958997
-0.3639079750 0.8745612511 0.3204896312
0.4886602363 0.4721869369 -0.7336556892
453
4.0933829138 20.5268886504 3.3992071870
-0.8725813473 0.4174781789 0.2536015823
0.4856079219 0.6852904024 0.5427356730
0.0527895700 0.5967319621 -0.8007023333
454
-18.9218093800 8.1519271743 -9.6936938811
-0.8407141456 -0.4681885505 -0.2720279520
-0.5207079726 0.8368467064 0.1689698114
0.1485359646 0.2837024340 -0.9473383747
455
-8.9252215963 -20.8409357963 -2.8810072315
0.0484478939 0.9376721620 -0.3441274739
-0.2093133321 0.3464131429 0.9144319895
0.9766477004 0.0277281642 0.2130502719
456
5.1468185735 21.4136665814 -5.7005888787
-0.4654187327 -0.8122420159 -0.3516366178
0.8816496202 -0.4604496257 -0.1033445180
-0.0779701894 -0.3581187652 0.9304147460
457
-4.4729408707 21.2520535972 -0.3691900792
0.7757404354 0.2965005719 -0.5570585138
0.6121162818 -0.1389219422 0.7784692361
0.1534289231 -0.9448746503 -0.2892601956
458
-13.3411416840 -20.8998833884 -10.1853931051
0.1829823602 -0.1236956494 -0.9753034615
-0.8340719376 0.5056226752 -0.2206121329
0.5204243064 0.8538413767 -0.0106510393
459
-8.7905800786 19.4009527636 -12.0682042124
-0.1599522627 0.4505877348 0.8782858117
-0.5012860126 0.7293996563 -0.4654980935
-0.8503691006 -0.5147298658 0.1092042036
460
12.4800236427 -15.9175260484 18.2442205226
-0.6910546559 -0.3655798550 -0.6235341469
-0.4655457350 0.8850189705 -0.0029309688
0.5529110518 0.2882582031 -0.7817906224
461
-10.7052384623 -9.0141621184 -1.4628069125
0.2198756036 -0.5675321256 0.7934494347
0.4862415194 -0.6413576722 -0.5934892762
0.8457091129 0.5163018715 0.1349387778
462
17.0958993457 1.3092858087 -13.8841407243
-0.2537766849 0.4098849335 0.8761231280
-0.1865169115 0.8680394349 -0.4601293090
-0.9491094962 -0.2801818706 -0.1438376983
463
-10.3822543148 14.0235734381 -10.0189408690
-0.6955917264 0.6437624761 0.3189389041
-0.3209704657 -0.6756299587 0.6637033366
0.6427519821 0.3592965812 0.6765913511
464
12.2480501388 -4.5421310305 1.5226761170
0.0761406587 0.5129708681 0.8550225076
0.7813472434 -0.5634145827 0.2684408559
0.6194344883 0.6476302159 -0.4437071313
465
-12.5371158279 9.8456839873 3.3116759492
0.9988305437 0.0007090558 0.0483429632
0.0292427500 -0.8051237091 -0.5923855793
0.0385020314 0.5931064915 -0.8042028869
466
-18.1721027607 6.9527801637 -9.9639521614
0.8428324451 0.4583113291 0.2821067088
0.5206886975 -0.8269744504 -0.2121238759
0.1360762650 0.3256746597 -0.9356384271
467
7.4973721089 7.9705043684 -18.1015778213
0.2243783840 -0.4717960890 -0.8526797705
0.7443431478 0.6477196142 -0.1625194745
0.6289734647 -0.5982204875 0.4965124663
468
-21.5098042588 -2.0963167829 7.8594825464
-0.8729176599 -0.2706454994 -0.4059135041
0.4330197125 -0.0465344305 -0.9001824678
0.2247413798 -0.9615537221 0.1578155625
469
-12.8075422201 2.5602708038 23.1283040224
0.8659461694 -0.1304538354 0.4828240140
0.2385054880 -0.7408282772 -0.6279240367
0.4396047814 0.6589045913 -0.6104034531
470
-21.9603604522 0.8084850420 1.6830388341
0.3056364251 0.0409327661 -0.9512680402
0.2254861326 0.9675441424 0.1140803947
0.9250634462 -0.2493648755 0.2864869618
471
-22.5045827707 3.3189426417 -4.4526160510
-0.6829000033 -0.7252533141 -0.0874940905
-0.6429065982 0.6535491816 -0.3994303106
0.3468698478 -0.2165204323 -0.9125788793
472
21.3509824755 -10.6987750174 -9.2854554930
0.6133783122 0.7598925856 0.2152447550
0.4486776797 -0.5595536095 0.6968415155
0.6499656806 -0.3308519554 -0.6841648907
473
-11.9182647858 -1.3933325392 -15.4989443457
-0.9695961887 -0.2434996971 -0.0243131322
-0.1271642852 0.5862459614 -0.8000905682
0.2090752864 -0.7726730035 -0.5993863147
474
18.0776164973 17.9630601024 -1.4318406391
0.5313299919 0.6513149930 -0.5417353778
-0.3463597047 -0.4165696403 -0.8405383332
-0.7731257302 0.6342385314 0.0042533252
475
8.8586900713 21.0226144996 -16.9525896852
0.9380563239 0.2708376876 -0.2160955350
0.1157361967 0.3429290449 0.9322042710
0.3265814845 -0.8994701870 0.2903410353
476
-21.2910654195 11.3707378125 2.3079940158
0.4852295366 0.2408524788 0.8405607534
-0.6181070231 0.7744307226 0.1349102069
-0.6184626138 -0.5850189223 0.5246492695
477
-22.3733699995 -12.7305365417 -20.7052062422
0.1098157627 -0.4140279216 -0.9036157250
-0.9438347197 0.2415989254 -0.2254018217
0.3116352358 0.8776165674 -0.3642425570
478
-13.1683030825 -21.3624277817 -5.6951104388
-0.7033152252 0.5603954455 0.4373838572
-0.5096236964 -0.8264272425 0.2393777371
0.4956121286 -0.0545431710 0.8668296606
479
-3.7673947609 -11.0425073858 -21.5164183662
-0.0268994336 -0.9738486193 0.2255998384
-0.5304624317 -0.1773789478 -0.8289428915
0.8472815524 -0.1419703332 -0.5118187135
480
11.9534511973 -2.1598487615 -13.2257019440
0.8843073435 -0.1351919338 0.4469045348
-0.2842040592 -0.9152727414 0.2854888119
0.3704437541 -0.3794719357 -0.8478045028
481
-22.9209728644 16.2353918658 -8.3289359662
0.9405647903 -0.2833393330 -0.1872343388
0.1330737646 0.8147077997 -0.5643957603
0.3124567944 0.5059348016 0.8039905025
482
-16.4452590055 -15.6694075308 11.1816713990
-0.6334957053 -0.7610096767 -0.1398122435
-0.4014248326 0.1687770457 0.9002068721
-0.6614690432 0.6264012938 -0.4124077158
483
1.7968552143 14.9317710545 -11.1847239224
-0.0994915833 -0.9891272591 -0.1082990775
-0.9051539613 0.0447616319 0.4227205963
-0.4132768214 0.1400844803 -0.8997658625
484
2.8873009847 1.3603903569 -11.5049699000
0.8250495151 0.2189166124 0.5209307193
0.3703594454 0.4867657631 -0.7911339792
-0.4267636098 0.8456563184 0.3205280216
485
13.0291600106 13.7168325715 4.6985678138
-0.7216776356 -0.5215242953 -0.4551854563
0.1435293660 -0.7560094455 0.6386305970
-0.6771858765 0.3955529393 0.6204491606
486
-17.9529903475 -22.3851752537 13.7258138109
-0.5860017232 -0.7641387763 -0.2696180837
0.7905851884 -0.6121279571 0.0165657486
-0.1776992976 -0.2034485062 0.9628248361
487
-3.0959489002 -12.6332974505 9.4379358155
-0.7741029416 -0.6290584929 -0.0710636930
-0.5920544425 0.6796424810 0.4330792482
-0.2241342745 0.3773214950 -0.8985501191
488
-15.8663750074 5.0652035810 22.5227577675
0.4760462275 0.2610985467 0.8397663592
0.7871659187 0.2992572107 -0.5392726012
-0.3921094307 0.9177541451 -0.0630676112
489
12.7804700219 -8.7068262275 -6.5675262178
-0.8963968779 -0.3710016593 0.2425498014
0.4099385341 -0.4857638494 0.7719999228
-0.1685913272 0.7914488306 0.5875250744
490
21.7646025998 -9.4721806072 -1.2124569686
0.6447809738 -0.0657289600 0.7615360790
-0.2566087896 0.9198609922 0.2966608908
-0.7200065450 -0.3866981495 0.5762422375
491
-6.0235009915 -2.4301661527 5.3814759600
-0.0384442420 0.5934498937 0.8039522771
0.5475713263 0.6855097791 -0.4798353732
-0.8358753992 0.4217743073 -0.3513100492
492
5.0994276938 -14.9077360758 -11.3793297726
-0.5632443727 -0.4660015450 0.6823476654
-0.8006769617 0.5118209795 -0.3113770832
-0.2041376485 -0.7217214455 -0.6613969878
493
3.3178604021 4.6926513390 -14.7843369966
0.9059906036 -0.4125130370 0.0949421948
0.2628377556 0.7240377052 0.6377191512
-0.3318091927 -0.5528131653 0.7643953583
494
-13.0845511585 9.1052795928 -4.7556422404
0.9744431664 0.1304468251 -0.1828773943
0.0539515603 0.6543754653 0.7542426530
0.2180590395 -0.7448331197 0.6306138907
495
-15.6967255070 7.8076472540 20.7150151482
0.1687086732 0.3002456898 0.9388236838
-0.6345773935 0.7619101606 -0.1296319359
-0.7542207338 -0.5738862543 0.3190699796
496
-6.4044943369 10.9274380662 -0.9382265244
-0.1937320439 -0.6199753090 0.7603278973
0.9640312107 0.0234450610 0.2647530055
-0.1819662603 0.7842709642 0.5931334881
497
-20.9494084122 11.7049600534 19.5536185890
-0.7532724517 0.5856191351 0.2993841047
-0.4416723697 -0.7876888296 0.4295018343
0.4873460078 0.1913022128 0.8519960869
498
-3.4755515746 -11.0246049268 -10.4806926521
0.3084783439 -0.1580448792 -0.9380100892
0.1270540024 0.9841108353 -0.1240288043
0.9427080097 -0.0809177359 0.3236571153
499
-10.8454055804 0.3855516948 4.0510450440
0.4006980553 0.2331453122 0.8860498473
-0.5548634584 -0.7078179412 0.4371730832
0.7290868336 -0.6668110869 -0.1542574582
