    -12.115644119314521        11.745754392903574     
  0.92800209428288050       0.37257497635588421     
  -11.560699977174123        10.544648739871214     
  0.91073890024589721       0.41298263350762543     
   10.812687768041023        11.847295132672958     
  0.65154164136784942       0.75861287199973670     
   12.379982868566348        10.347758457192212     
  0.38186243080511656       0.92421917527154107     
  -9.0555986356785851        11.071014558367798     
  0.97499327317565310       0.22223437461883844     
  -6.7919204973705130       -10.993045210254188     
  0.76825533261824441       0.64014353382942990     
  -10.656034786577274        9.7823439963496899     
  0.98281141099280778       0.18461237884368994     
  -9.9443912484119661        10.531824495694531     
  0.99972473042865539       -2.3461955787024990E-002
  -7.3319766549455156       -12.405263947859350     
 -0.31320558704419493       0.94968534802022786     
  -6.0691450767307371       -11.732234057334246     
  0.93659322550232371       0.35041850685024234     
  -8.3994350463416172        12.187615485636165     
  0.84921079162513613       0.52805400423385651     
  -7.6576510634357833        11.414554379786859     
  0.96490643676765486       0.26259392278639609     
  -4.1285075662399082        11.184141599854678     
  0.62920840936633537       0.77723662907938540     
  -3.5940975789354623       -11.309166684162124     
  0.99869816543105527       -5.1009551700095052E-002
  -5.8344971716409120       -10.250233338485833     
  0.26002099457355538       0.96560296311733596     
  -3.1019564084002504        11.560130665589535     
  0.99410739764964506       0.10839963993598103     
  -2.4448664656748460        10.798354521526084     
  0.61033906868339571       0.79214027876297588     
   2.7393697127316936E-002   11.405734040418762     
  0.37664674341807919      -0.92635696719599170     
  -3.3445766112849018        10.267798385652661     
  0.58666351069547340       0.80983080036416399     
  -2.9056590472032462       -12.364756624016678     
  0.98981689786244886       0.14234643903504759     
  0.71397827473872300        9.6847064944717030     
  0.68191261566752026      -0.73143365016485318     
  0.29053753972064777       -12.381261091513469     
  0.80265389166428369      -0.59644507726711971     
  0.97090389727468440        10.776834030597426     
  0.93845201377027077       0.34540963774990940     
  0.96468706009559291        7.5295863849225109     
  0.48293293176068935      -0.87565734361165815     
 -0.57451650640686125       -11.526171781205031     
  0.71977128181485128      -0.69421128042880875     
  -1.3433046930485926       -9.7696381508855197     
  0.93524204613539941       0.35400891957756009     
   3.1387866008568723        10.507330849170431     
  0.97701479725910423      -0.21317149419364559     
  -1.4802821930803542       -10.805102328058172     
  0.99804067078045611        6.2568518186842087E-002
   1.2845505710396983        11.727387810489343     
  0.58475817173934286      -0.81120766797661692     
   3.4394529397022429       -12.322463781740709     
  0.28769562275968530       0.95772189525191331     
   1.3784799865565822       -12.044139692820711     
  0.31165954112210914      -0.95019383834434346     
   4.5723919772852470        10.681250267691643     
  0.93120851847960495       0.36448689292074610     
  0.84371559579172772        8.5721003909728424     
  0.81231081051314757      -0.58322478267257571     
   6.8643247472753579        11.498061101960452     
 -0.24828444260281815       0.96868717115558411     
   3.6558788615953794        11.429922840836026     
  0.31346682087558636       0.94959915343799306     
   2.4608691928792186        11.339613022047928     
  0.88300025487414857      -0.46937250653632084     
   4.5041941372242347        12.122238790536583     
 -0.48781576554123329       0.87294660712406724     
   7.4389775488049992        12.373808882941480     
 -0.17337880312751014       0.98485521302680423     
   9.1436310180247826        9.3201805936205755     
   9.4821134989150319E-002  0.99549432562891560     
   5.7480535241099915        8.6001298530301575     
  0.60660359923120233      -0.79500444866664155     
   7.9759994824253386        11.435914742647473     
 -0.36631421260001806       0.93049121309512040     
   10.156050030088316       -10.175635803020448     
  0.98529134179242306      -0.17088291836484518     
   10.279442797650217        10.250359783033758     
  0.96497575731132812      -0.26233907029153819     
   7.6518530524931156        8.3282578229004862     
  0.85697489677437322       0.51535815342201796     
   10.501942087297927        9.2695574692108700     
  0.94676148349173428      -0.32193585289080601     
   11.817422892935566        11.597246546172098     
  0.51764090026952980       0.85559797707109553     
   9.5362344009098763       -9.3397445145044333     
  0.86125552269405259       0.50817214074464412     
   11.116325451181257        10.846646102670007     
  0.99549475588111491       -9.4816617811432705E-002
  -10.994591573977168        12.245623154716228     
  0.99012206662786140       0.14020803534952170     
   12.261439502505153       -12.187617918496851     
  0.99999457581499152        3.2936819207734116E-003
   11.762749762236888       -11.319899063174720     
  0.99264644778306044      -0.12104969931260458     
  -10.755790526008797        11.148446270039138     
  0.98934681658115231       0.14557773360215448     
  -9.2949134629235122       -11.889718363256568     
 -0.99545977316233170       -9.5183191875451545E-002
  -8.7537833442784763       -9.6765627160886147     
  0.91011177699450385      -0.41436282817828468     
  -9.9013265157765868        12.054199574105541     
  0.79569609090242821      -0.60569607141089721     
  -10.188874810197037       -10.427467642885903     
  0.99667678893505640        8.1457832024337692E-002
  -9.1044341605957850       -10.633565447704962     
  0.88941149642402495      -0.45710741629159418     
  -7.5813582895744966       -9.2961814726460990     
  0.41392547940810925       0.91031076973568037     
  -7.8233311834421908       -11.512015591195327     
  0.78489322271098427       0.61963104259096424     
  -8.0606885513579307        10.399103788001579     
  0.95236468871442670      -0.30496147246803679     
  -7.9423478462453607       -10.389205650370712     
  0.92588263016430394       0.37781126923376801     
  -3.9966584638372855       -12.461840501538720     
  0.99610293405525174        8.8198326324928689E-002
  -5.1578257233673233       -9.4686667734799776     
  0.53237046470217542       0.84651148150086541     
  -4.9406990188322597       -11.526753929175424     
  0.94672533785221835      -0.32204213182222441     
  -3.9967188896908712       -7.5531911671382002     
  0.71475355773197191       0.69937640202503892     
  -3.3430578120858501       -10.226325588713610     
   1.5443811448673229E-002  0.99988073723216508     
  -3.1018304933742216       -9.2309236648253687     
  0.99999202500391693        3.9937361662559139E-003
  -4.4614266596140659        10.211782117285169     
  0.77065113286284581       0.63725727254948783     
  -1.8133054041525511       -12.023619983199133     
  0.59681298852150744       0.80238036910933141     
 -0.85680624033110497       -8.8176576243189846     
  0.99378302335507940       0.11133419282160181     
  -2.3471673080840501       -10.014195746180258     
  0.88607398251999958       0.46354384636315404     
  -2.5891797630251818       -11.008890910198714     
  0.64446451929610926       0.76463421540527132     
  0.20045615190096103       -8.2272106304879671     
  0.76225109021469262      -0.64728144996323866     
  -2.0064120551309519        11.793569749281062     
  0.92476635646417193       0.38053539382294010     
  -1.0890151935139845       -7.7650300528167220     
  0.87350516048460225      -0.48681488741283285     
  0.61055956944500323       -11.365626826864345     
  0.66483319026639420      -0.74699185344969354     
  0.89919288604363501       -10.285980434292682     
  0.94573394389600007      -0.32494200615327884     
   2.4456889206328372        12.490175546420602     
  0.47626643711654471       0.87930101835282348     
 -0.10336413715554439       -10.423075474193505     
  0.82110491599810653      -0.57077729187813908     
   1.8956336917174044       -10.764225208830005     
  0.56329322755475242       0.82625706640908669     
   5.4484722374123349        11.747473407108522     
  0.17229241241835375       0.98504584899539771     
   3.9319777124606956       -10.481385992245576     
  0.89947576515224059       0.43697064878981440     
   4.2548017741407476       -11.594065463235461     
 -0.52547481103853655       0.85080915778099986     
   6.2714306377879074       -12.463346843098249     
 -0.28705670850774873       0.95791359010126664     
   8.2444579834874752        10.362247002121741     
 -0.26265736709009990       0.96488916851278661     
   9.2743634054352526       -11.366655242860034     
  -5.3372522485896808E-002  0.99857467114056753     
   7.4162379916033796       -11.424396165348842     
  0.59578675869188946       0.80314266364539022     
   8.3017281421074411       -11.935991692682560     
  0.93846444258688122       0.34537586771529705     
   9.9675279642796006        11.206875902718728     
  0.98023661892587000       0.19782864028441002     
   11.536704126668790       -8.5811739189044012     
  0.74113816517405262      -0.67135253043571574     
   8.9946531991243166        12.250742774462362     
  0.89096689950502317       0.45406825917080568     
   10.796863201429627       -9.3486781917965249     
  0.61812824956851842       0.78607726534060218     
   9.9281379879491354       -12.233405458649408     
  0.61079658782895085       0.79178755250162325     
   10.592330437117818       -11.188103183296503     
  0.25318944234764662       0.96741671800919771     
   11.195844743552351       -10.363464695836322     
  0.93061623446636377       0.36599648105910237     
   10.981499889964324       -12.158698018824847     
  0.64279354717197290       0.76603946093792896     
  -11.787350542899185       -9.5241879382143004     
  0.53721468202403877       0.84344554383659576     
  -11.648646212983607       -11.573562115461502     
  0.88944384322359182       0.45704447240027607     
  -12.313402065619682       -10.683120358379202     
  0.63423322498942403      -0.77314178280540147     
  -10.512583793995399       -11.506431386390927     
  0.24727553584355008       0.96894520452566624     
  -11.273787906780530       -10.422153310576226     
   4.3539072004869381E-002  0.99905172499173167     
  -10.773427786631359       -9.1473541732766410     
  0.95518279645016191      -0.29601659643616013     
  -10.791806685009321       -7.4235222424926306     
  0.99902662856070634       -4.4111171222589236E-002
  -7.9278788265880653       -8.3416878325889474     
 -0.73818823162182778       0.67459479296466462     
  -6.5195581957278206       -9.4665037195687880     
  0.28299781668588619       0.95912055329401724     
  -9.0743850775428516       -8.6128229186196634     
 -0.89168422271105707      -0.45265798012205394     
  -6.8074457782407061       -8.4613818675510739     
 -0.31691801305308481       0.94845293663021824     
  -4.1169728340219915       -9.5831002880205034     
  0.54948048952985729       0.83550654792528600     
  -4.5129940735540304       -10.571795123448466     
  0.68620100175237542       0.72741197762618426     
  -3.7252720563413830       -6.0531492988744029     
  0.99188871310732074       0.12710932621292265     
  -6.0151860372685642       -7.4188921827866459     
  0.99999208880962576        3.9777277636349421E-003
  -4.8806766329184494       -7.0329051551970760     
  0.95762971823137788      -0.28800229644933684     
  -5.4523510758907401       -8.3877310572325232     
  0.91945054892455480       0.39320565621864451     
  -2.9179201041983203       -6.9453922566557909     
  0.85897746663439989       0.51201339026860271     
  -4.8880353799786240       -5.7833954473299967     
  0.74821274467314358      -0.66345888245518370     
  -4.4132241101310177       -8.5393754661678418     
  0.94974060764900248       0.31303798201257232     
  -3.2412138606913308       -8.2158202162331690     
  0.98907181013315060      -0.14743457667702259     
 -0.70607891727317362       -6.3795951134358981     
  0.70543725625614351      -0.70877237353455314     
  -2.3083403602605603       -7.8130810802296731     
  0.80231614571711884      -0.59689932343874141     
  -1.9904815635629387       -8.7861482513885445     
  0.97320068704747642      -0.22995743677976554     
  -1.7811670436675240       -6.5848827356853077     
  0.75782278298935590      -0.65246044292529148     
   1.1246219942185638       -7.0538387740846238     
  0.17501224189757558      -0.98456625738747749     
   6.4646684407095603E-002  -9.4368463889971217     
  0.52546434801723585      -0.85081561983946985     
   1.1348156379108054       -9.1994155193668856     
  0.79493520076488988       0.60669434362361108     
   1.9787027586813268       -9.7479853340879803     
  0.74261834158265494       0.66971486376295042     
   2.3034029822519231       -6.6980413687565479     
 -0.38308779043611502       0.92371193822466924     
   5.8559556529620718       -10.172996847202398     
  0.60497660829551259       0.79624324387416823     
   5.9767087447967535       -11.246760283274597     
  0.96171261922324791       0.27405991685534786     
   2.8610013915134518       -10.291052221048357     
  0.91064142094192546       0.41319753443706664     
   4.8933151978643350       -10.799982964935724     
  0.48467335699578706       0.87469522521758081     
   3.3510718220238038       -9.2962177141042392     
  0.97360456869038459       0.22824141566597916     
   2.7075467294524813       -11.498099574828288     
 -0.50675664874683524       0.86208914791387825     
   5.2648647081447457       -12.042447689511896     
 -0.60587917948245973       0.79555667294647303     
   6.8768896884379584       -9.4055501398117265     
  0.96706028968313096      -0.25454743392534696     
   8.1159434023980985       -10.561168649986802     
  0.36271566903504482       0.93189985697845235     
   9.0941894510540724       -10.236847806754586     
  0.70292788908490766       0.71126112135181119     
   10.164856624873178       -8.5376812877946016     
  0.53975013933387195       0.84182527111572625     
   11.078103124814723       -6.4547269536573344     
  0.60919323390169766       0.79302181796492299     
   8.3210910942016820       -9.1485688901034230     
  0.74800001846143527       0.66369870602683301     
   8.7683045378720195       -8.1288066848296427     
  0.95557362373890664      -0.29475252266010304     
   9.8922385867285918       -7.5634686899834476     
  0.92989442486845575       0.36782653329873277     
   12.177363921794383       -6.6808320716413254     
  0.79091553895392130      -0.61192533060924048     
   12.114455109793761       -9.7196878410657739     
  0.94466781098642771       0.32802854584031382     
   11.153590706430665       -7.5443402546911500     
  0.95626180201823252       0.29251216385108275     
  -11.412575129906175       -5.4106705979265595     
  0.24515747730449508      -0.96948327026395653     
  -11.757648364813249       -6.6652848177180806     
  0.10462190878390139      -0.99451206941012682     
   12.058304464377519       -5.6480493237284932     
  0.99818330657724097        6.0250198925195828E-002
  -12.404784408757445       -8.6623041920577446     
  0.64229258663210287       0.76645954437102726     
  -11.493883361067107       -8.2039184063904660     
  0.97943594144630108       0.20175538804006646     
  -12.405904373091090       -7.6481851854169882     
  0.76422927380882177      -0.64494466200879652     
  -9.5714951721876940       -7.4229113073824271     
  0.15533611995465954      -0.98786167545736470     
  -8.3737140846284674       -7.4061860496664407     
  0.78321246789525201      -0.62175415570258064     
  -9.7964742572890824       -9.4019615559960847     
  0.93161802230397039       0.36343893643697406     
  -8.2931206752722630       -4.3173216049236114     
  0.55711796295269012      -0.83043336599359074     
  -7.8625047209177561       -5.3458559739375326     
  0.95420887442267233      -0.29914114389869034     
  -10.089900721626156       -8.3988265242905324     
 -0.12356856827253455       0.99233603629772305     
  -6.9956795201001611       -7.2208718178861337     
  0.66878668003777342       0.74345435408238270     
  -4.3914319150156560       -4.8267399467584129     
  0.50538467633789796      -0.86289415858657792     
  -6.9129690847270266       -4.4241663695770050     
  0.99968554075903893        2.5076275586853939E-002
  -7.0340965266291455       -6.2203542986503404     
  0.99650971797336174        8.3476835018171588E-002
  -2.6910592505739679       -5.7934230443159009     
 -0.47906378584515813      -0.87778009153301284     
  -5.4864140092336658E-002  -5.5790185168290574     
  0.24925987028824190       0.96843663554405512     
  -5.9776309199801707       -4.0632732052681400     
  0.97559810791751189       0.21956395839884768     
  -3.3313680161448782       -4.9543081040092005     
  0.98184323945975649      -0.18969410409174886     
  -1.4626358424724866       -5.4368549358661848     
   2.3040564772835236E-002 -0.99973453095056630     
  -1.0624758552924896       -3.4205114313475402     
  0.54362520970301098       0.83932808327575770     
  -1.7084495062525658       -2.6410225778873526     
  0.66086583943333299      -0.75050405879653725     
   1.3486650566690790       -8.2118164987888349     
  0.45515210008343043      -0.89041370485277394     
  -2.0267670335465202       -4.4835480006296935     
  0.99988955432057292       -1.4862003922958056E-002
   1.7782706668387274       -4.5946095354212240     
  0.92327326734917958      -0.38414381915940071     
  0.12522482483795902       -7.1886787724972638     
  0.92136090445116425      -0.38870822444210312     
   2.6665150903465613       -7.6669894539734180     
  0.31145422764887876       0.95026115572490943     
   2.3448184568290951       -8.6237024664004434     
  0.86832595431435067       0.49599398893945523     
   3.3382695725850042       -6.8905678673888540     
 -0.64740053594501989       0.76214994985114382     
  0.66161098673863517       -4.7514940155590377     
  0.99335021762096565      -0.11513185984939289     
   4.6223169727586342       -9.5182206160914848     
  0.89090790715523716       0.45418399461922399     
   5.9527640630067236       -8.9395793171953422     
  0.31284760395869843       0.94980333580026000     
   3.6135286284870758       -8.2915103504294034     
 -0.18090106894865041       0.98350129804349284     
   3.6928994537292574       -5.7871906402467577     
  0.99095109883714927       0.13422339480674159     
   6.8330563641227346       -10.496500770499354     
  0.99675761018259268       -8.0462827088579991E-002
   6.6932148647148777       -7.7604252533633851     
  0.98079759330627403       0.19502841066014101     
   6.5946189594249365       -4.4196694976324906     
  0.91502721700863898      -0.40339210717789853     
   6.8896415108917317       -5.6743257832690048     
  0.91867561703070966       0.39501279811323153     
   7.6054642226953062       -8.1874079676028213     
  0.99991520287125990       -1.3022559922196522E-002
   7.6949837703201949       -7.1731408049930270     
  0.93912824155391750       0.34356679978695082     
   5.9035159992476354       -3.6195698414387145     
  0.37507764349036232      -0.92699339876490838     
   6.5078170847514762       -6.7160381970273164     
 -0.28244646630228459       0.95928306233006766     
   8.7109016146795195       -7.0546728680672821     
  0.78637264514329885      -0.61775242854264145     
   10.044625316265465       -6.5501735513454751     
  0.83151350869228846       0.55550453181071324     
   10.711669691530270       -5.2859258197824772     
  0.68442561826089143       0.72908269288757399     
   8.1355039728744423       -4.9150466218874937     
  0.91249959896457999       0.40907759886051043     
   11.577604292248800       -4.3117631918738555     
  0.79117681161122044      -0.61158748578490674     
  -10.765011220554930       -6.3315614490977676     
  0.18925838492334035      -0.98192732100507762     
  -12.028300324428130       -2.8950677915736107     
  0.10793598554278505      -0.99415784613154246     
   11.889966577289069       -3.1995173363195386     
 -0.12841448177257278      -0.99172058608817915     
  -12.340972785478995       -4.3487503090101418     
  0.88844746494867577       0.45897832413554296     
  -9.3457041107235845       -4.4618049238413979     
  0.99991525401655423        1.3018632224995066E-002
  -6.4231807069787132       -5.3587117675265166     
  0.97322514088357215      -0.22985392133298746     
  -8.9060906042039321       -5.4901099985492126     
  0.96861545090000778       0.24856409289713341     
  -9.6659565665792915       -6.3561465548710139     
  0.92902174056828846      -0.37002514178291673     
  -8.2006616771527838       -6.3360912202462822     
  0.10103585893189423      -0.99488278465852165     
  -8.2132710496531889       -1.6389063427451720     
  0.67277267696593690      -0.73984925838179172     
  -8.9631572502207018       -3.5156299475219850     
  0.85039880002115631       0.52613865180442454     
  -8.2033440772653243       -2.8573351948753452     
  0.99451678908855001      -0.10457703486425975     
  -7.1169572731705681       -2.0882389940522379     
  0.98134273099022806      -0.19226659702777502     
  -6.0290502750576493       -6.3927447420749548     
  0.68055086583527991      -0.73270083868578362     
  -5.4250463185046414       -4.8975341099707377     
  0.99880160804425178        4.8942290181569974E-002
  -7.4661951951257040       -3.5654874021429945     
  0.55306663513577947      -0.83313702180348859     
  -4.4470407922810820       -3.7715483852953287     
  0.98394444995476704      -0.17847498256957722     
  -3.3382050119112212       -3.8704587884744601     
  0.35566892656400145      -0.93461201291060392     
  -4.5787493315207604       -2.3664746426851178     
 -0.64880240264104938       0.76095692540852911     
  -2.2267741752626002       -3.5005377840419230     
  0.76168771788491141      -0.64794430348856036     
 -0.60843630093833534       -2.4787008419118748     
  0.99093602011083426       0.13433467179734454     
  0.60756619550866409       -2.5731854388958393     
  0.19334098057027441      -0.98113162482519367     
  -3.2435732621617412       -2.4964783146110054     
 -0.25785288837978992      -0.96618418945571627     
  -2.0482941009247847E-002  -3.4408654293653789     
  -1.1246090709180650E-002 -0.99993676072227733     
   1.3575614456918348       -1.8182945151426699     
  0.87920479905651583      -0.47644403796877510     
   1.1982814349801303       -3.4452989674513357     
  0.99486100698217816       0.10125007055013076     
  -1.7521206513698024       -1.4994064825080335     
  0.73486872098827694      -0.67820937984744345     
 -0.53221461762446809       -4.4186308190726740     
 -0.94703767506565939       0.32112247197328098     
   2.3594006956595006       -3.6170588212209629     
 -0.14252537056462541      -0.98979114905388810     
   2.6864987969725429       -5.3371137040273107     
 -0.23039537372306912       0.97309710294862517     
   2.4056255881517439       -1.8552374445760940     
  0.92959674640027634       0.36857819941230968     
   1.4103419552387555       -5.6927161152673582     
  0.32590878757027653      -0.94540121757086415     
   5.6130352658234468       -7.3044386446081564     
  0.84443733898732110       0.53565434799319267     
   4.6641397894563035       -5.2589207459140868     
  0.74279574357001454      -0.66951809783923633     
   4.2046850999344105       -7.4795016534933092     
  0.47504029423003313       0.87996404407103113     
   5.0357693513029469       -8.1984481057424645     
 -0.43948650704424369       0.89824919155324034     
   5.6168533420907405       -5.9695187043596265     
  0.23493360384318043       0.97201142060433399     
   5.6097223651425034       -4.7018983747069889     
  0.93725533537143590       0.34864370970630926     
   3.2137075100186743       -3.0843450770365255     
 -0.99987820191774346        1.5607092289732335E-002
   5.6459537390309817       -1.5843004518249908     
 -0.72531313667602670      -0.68841909747274110     
   4.8916416976464312       -3.9633544441997119     
  0.90907033343071031      -0.41664268729473364     
   10.556789313456164       -3.9323485068359525     
  0.89094373904544755       0.45411370146221908     
   8.2723719792836743       -2.9035126894456482     
  0.95880299623319820      -0.28407184727501888     
   8.0540770263090273       -6.0857586300217772     
  0.99994774709177081        1.0222675094712981E-002
   8.5215034849704807       -3.9239955350497677     
  0.83724675900369550      -0.54682525960109762     
  -11.120242593398777       -3.9312058251833903     
 -0.99493376154524016       0.10053263220188273     
   11.209671370654453       -1.8815633314565308     
  0.46407029172123671      -0.88579837680014195     
   9.1272475107752786       -6.0382171723795901     
  0.11608532364155490      -0.99323924491284343     
  -10.279410294526473       -5.0130966868058326     
 -0.89222620847255907      -0.45158874312219283     
  -9.5187221008239948        1.3168904942044530     
  0.97047408202478580       0.24120542306952675     
  -10.264504950691782       -2.2735701458095736     
  0.99254016067152029      -0.12191812602789084     
  -10.119409699397092       -3.2895285720373351     
  0.77939178123645680      -0.62653687149366000     
  -11.995618393849250       -1.3325956723637957     
  0.95727399429659532      -0.28918246807758258     
  -11.102856145994700      -0.36861755223516779     
  0.79202170766593349      -0.61049292754784512     
  -11.479000002182731        1.4434175489664491     
  0.66938533412328860       0.74291538849363803     
  -9.8745439696721071      -0.48506158960372070     
  0.74842827316494698       0.66321574161605634     
  -9.2614751932595691       -2.5217300577031074     
  0.67486489379162595       0.73794130872828745     
  -10.555395476406009       0.50151899593764915     
  -2.1868513966861403E-002  0.99976085545338345     
  -11.870385275192179       0.29155900824301084     
  0.99437441713827557       0.10592222873842311     
  -9.5366405841046138       -1.4902633714283497     
  0.76868439964857316       0.63962824651270100     
  -7.9241818546476006        4.1006293401611688E-002
  0.92256947749099827       0.38583099823884892     
  -6.7377219850697774      -0.15412809103823616     
  0.95533877558915659       0.29551281504498422     
  -10.619479787645071       -1.3142716716486984     
  0.80918411267333445      -0.58755516489693826     
  -5.9535704779360188       -2.0179561237161936     
 -0.76142365330350270      -0.64825459519385376     
  -6.4115113389444263       -3.1151353223884963     
  0.53363456798608033      -0.84571516945737091     
  -3.9669092870540412       0.47083042057780372     
  0.63696076748652364      -0.77089621913911266     
  -7.4381477620916412      -0.99311594975572282     
  0.99903085584485951       -4.4015327669886653E-002
  -5.1100352529610884       -1.1534036571864121     
  0.30010995397078372      -0.95390461552906536     
  -5.3028450938369449       -3.1918338804633142     
  0.99270344521882126      -0.12058138268689256     
  -3.8511143854412238       -1.6148211870116427     
  0.99175524252940583       0.12814655249143250     
  -2.8229005636586768       -1.0436284223150529     
  0.54812384834016703       0.83639718249212536     
  -4.3168825700226972      -0.52303358949864798     
  0.45564285269608135      -0.89016267658612669     
   2.9656066934815185E-002  -1.0049288524478108E-002
  0.85791761345396589      -0.51378727945079727     
   1.0936238738030537       0.55184038588357187     
 -0.31748574397306745       0.94826304492681124     
   6.2868991838362406E-002  -1.6676621956817586     
  0.99999821158838231       -1.8912482748185049E-003
  0.67559724228071971      -0.79342770860350365     
  0.95844787570597689      -0.28526771558432640     
   2.0707700654038255       0.11022917004764163     
 -0.67968735383542622      -0.73350194344404840     
   4.9217719306445824       0.44935447936374812     
  0.16546884139318843      -0.98621501840521364     
   3.4768925128416606       -1.1032121223831750     
 -0.98663249666089770       0.16296108901416817     
   1.8008101544436272      -0.87513735234628354     
  -1.3618374892898608E-002 -0.99990726563280674     
   4.3439289242852430      -0.54682556165988416     
 -0.52466891151990314      -0.85130636863852960     
   5.5503872062161106      -0.54452488789160436     
  -6.8874824395001380E-003 -0.99997628101152747     
   3.3547948584915885       -7.5559514862933108E-002
   7.3667894171329656E-002  0.99728282917553612     
   3.8147962921063310       -2.2268860947261575     
 -0.88727936661262985       0.46123239867065963     
   4.7675617165275339       -2.6398041328237936     
 -0.67407389023209674      -0.73866392257058755     
   8.3221392946294213       -1.7488715227440585     
  0.82706158024961485      -0.56211132569537314     
   4.6966642642902769       -6.3752023057825848     
  0.83684247094253195       0.54744376773034664     
   6.0022393239412652       -2.5949743173568476     
  0.99318228171230338      -0.11657167448717086     
   3.4987945551883954       -4.2428870435494623     
  0.89031404104207523       0.45534701967107455     
   9.2459042625915711       -2.4625596519203343     
  0.68243982489377852      -0.73094177976015895     
   9.4063299149984889       -4.7422148138812128     
  0.95474583556563408      -0.29742291349201588     
   7.0748413822174436       -3.5294991745526136     
  0.79009427875092242       0.61298534296103668     
   9.5236856363321856       -3.6610505052271236     
  0.96891141422412397      -0.24740790485796557     
   12.148401046818584       -2.2328092252079377     
  0.83254693555878556      -0.55395451085055292     
   10.540283218575135       -2.7282703794514203     
  0.46131602740704669       0.88723588907199924     
   10.102156618728115       -1.8126504888299355     
  0.68583327818317141       0.72775869251869774     
  -12.472689220851464        1.1687153679087567     
  0.99108044249955174      -0.13326498600492506     
  -12.360289148349647        4.7232506425015206     
  0.84718108325934383      -0.53130425574008411     
   11.388004430944234        1.0623254052823752     
  0.76731300003450609      -0.64127276566064007     
  -11.301346797639759       -2.1194994787199080     
 -0.15579885189062523      -0.98778880219891285     
   12.008996647170850       -1.2120236384518654     
  0.42015784233531028      -0.90745103863742238     
  -9.0902463185138647        2.2595096520425466     
  0.99604289168964588       -8.8873831438328582E-002
  -11.454110786929448        3.8846869063628029     
  0.84779272292131058       0.53032772788311755     
  -9.7168807238353754        3.1254169031859833     
  0.86373098553069816       0.50395315718245981     
  -8.4998264104524104        1.1170904538373960     
  0.99894350055025982        4.5955225039084446E-002
  -6.3412303329505217        1.6360029947609249     
  0.98373029088882591      -0.17965164844160414     
  -5.9592860963777499       0.59797824407698075     
  0.97659162687901402      -0.21510182312058804     
  -8.7392732560673814      -0.59000386742867117     
  0.97624090721630985      -0.21668800399993596     
  -9.2053446389798417       0.34584484754780831     
  0.97989956542857548      -0.19949145764390272     
  -4.8957354895130019        1.1050766265083447     
  0.99792144039372455       -6.4442212892746667E-002
  -5.3629804869108737        2.4723530176932935     
  0.88023526732621238      -0.47453753714026808     
  -5.2862304576926729      -0.16697843665868875     
  0.45494725982558826       0.89051838317756737     
  -6.1550369111829353       -1.0041784760821171     
 -0.35527013952143144      -0.93476367492774481     
  -1.3129052241712285        1.6763252800588937     
  0.58898397318531559      -0.80814471434937918     
  -4.4550015406899961        2.0091817929035800     
  0.97165922518668568       0.23638601927696540     
  -2.9826997984975612       -1.5724331791718515E-002
  0.75171500602073416      -0.65948809672597408     
  -1.9820120041422951      -0.49087337828038541     
  0.55516036396082802       0.83174333197620598     
  -2.5335967002258060        1.8423025389165268     
  0.64340112209773948       0.76552922614578833     
  -3.4884534904387094        1.3557067050656657     
  0.85012916892754264      -0.52657420762753426     
  -2.0126035645675517       0.83888161453826948     
  0.82304840928578227       0.56797122812000189     
 -0.22863411620461641        2.2651631721210452     
  0.85022984798759038      -0.52641163132191426     
 -0.72431548585445116      -0.87189853514263838     
  0.99975786401228117       -2.2004848229451843E-002
 -0.36355425908017186        3.3858445829768984     
  0.63079928690781517      -0.77594604170431325     
  -6.9062755592876710E-002   1.0578169193585296     
  0.99773773457820181       -6.7226579555692154E-002
   2.1182855255211992        1.1306871210884959     
  0.73356086544672738      -0.67962376112452705     
   6.0159897801758619       0.44906261631381861     
  0.44149825019564798      -0.89726211057537753     
  0.79780072229746612        2.9279744478421197     
  0.78946640440540383       0.61379377344121333     
   3.1711471801196303        1.8824575055143751     
  0.96184630120055326       0.27359037422178178     
   4.5974073096838239       -1.5961795303057034     
 -0.55078714332773260      -0.83464574685603932     
   6.0016209951739565        1.4960260161915175     
  0.99139896875623335      -0.13087430897268226     
   3.8855486932965611       0.93185516862347118     
  0.95970672976655047       0.28100354595768573     
   7.0842545405699786       0.87776990999244997     
  0.97456155644178344      -0.22411999622025841     
   6.6482363529093735       -1.5291907731334013     
  0.94023807658642178      -0.34051778123479237     
   6.9761900183650374        2.1602958672603054     
  0.99975284682923526       -2.2231627399707472E-002
   7.4075697476457671       -2.3928450430211834     
  0.77928372440694893       0.62667126699285836     
   7.6214616665835413      -0.87640007794776342     
  0.85795848372087802      -0.51371902846923234     
   6.6604619517263357      -0.47383509437720328     
 -0.21471831900473043       0.97667601766593148     
   9.7103498019123133      -0.80405469906898175     
  0.87297992167064475       0.48775614435895615     
   9.1558506411499021       0.67547036951185224     
  0.78498862417510495       0.61951017741089287     
   8.6287611935236583      -0.58817122621384554     
  0.99961128398116050        2.7879758563082467E-002
   10.982599958881416      -0.84720168290558939     
 -0.29873888304728513       0.95433488868198701     
   11.622553478421617       -4.6862017942574712E-002
  0.99992524986092257       -1.2226802140030434E-002
   9.3704950186376657        2.0964889650955532     
  0.64067960207678065       0.76780834033158185     
   10.271968562702384       0.11931283260371650     
  0.42390385437801698       0.90570719454107296     
  -10.293359553384775        1.9642362037432208     
  0.98228634110508162       0.18738608293678380     
   11.967074941199606        2.1636153936325786     
  0.49353144301697122      -0.86972795445103757     
   12.172841833530246        3.3731903798017515     
  0.71632805316764858      -0.69776365643751215     
  -10.779643795307582        3.0577053185630971     
  0.99096499475753730       0.13412076336344714     
  -8.6431879888297463        3.3045638506388593     
  0.98072969257711340       0.19536957311106709     
  -9.2657424265424062        4.1258579990989279     
  0.90090653228025797       0.43401315659177980     
  -10.312991729352916        4.0575471864723944     
  0.91448359608417495       0.40462297573538203     
  -7.2815997988003343       0.93852605541454570     
  0.95796278346159158       0.28689249816354501     
  -7.5546840014226273        1.9034949736578413     
  0.96034816679382751       0.27880351241642343     
  -7.2044864565351752        6.1509127020981618     
  0.99997751636454013       -6.7057263145589210E-003
  -7.5985127862153048        3.8182402059332672     
  0.99329929243827297       0.11557039258229730     
  -6.5265339944741854        7.4883893228008827     
  0.97230979600052247      -0.23369565807139503     
  -6.4614879541499173        4.0488537152509574     
  0.78852985738899450       0.61499647479159747     
  -5.5548426490236373        3.5568837794212067     
  0.99604110487667930        8.8893854658484414E-002
  -6.4553010680748493        5.3814988650636977     
  0.99969072534938419        2.4868728363589457E-002
  -3.4179007547680840        2.3610457020017321     
  0.67074814423783724      -0.74168519400180655     
  -4.6038415507581094        3.1580767012958937     
  0.99648359639689454        8.3788078578702851E-002
  -4.2837532234239628        5.9863022564916006     
  0.65882543064664278      -0.75229585399180932     
  -5.6249795654962957        4.7320903014382187     
  0.93474356781634504       0.35532303953722144     
  -3.3963964854199040        3.5193770830106601     
  0.75758417315429250      -0.65273748213667560     
  -4.3521956410573788        4.1793014847008578     
  0.90139235417880370       0.43300326075907797     
  0.60113301901363192        3.9200188954273987     
  0.52235862977374337       0.85272590080335731     
  -2.4607780487772910        4.0474680398614495     
  0.55958060521653374       0.82877593248446702     
  -2.3271812621026045        2.9533970240562075     
  0.83004273963849884       0.55769978516529417     
  -1.1658402355104995        2.7081010753978325     
  0.24107917429295361      -0.97050545167053426     
   2.8060880448423422        3.9963803695118898     
  0.99425365077604844       0.10704988518676509     
   1.9538567694820772        2.2472150590726030     
  0.56973858187646986      -0.82182598420918096     
  0.78428285459123770        1.8142483567815166     
  0.73276012257279832       0.68048703350401740     
  -1.0312212571009407       0.51082241017123720     
  0.96363355831461839      -0.26722717917514827     
   3.0173987373849736        2.9388207641911119     
  0.65060572739769928       0.75941568819541172     
   1.8078380366485938        4.6742004341474104     
  0.38138890866571246      -0.92441467986330517     
   4.1168526421180704        2.2402055034816839     
  0.98601935384770811      -0.16663083099399134     
   4.9288250192346874        2.9719678093504314     
  0.99999823745182592        1.8775231667401246E-003
   4.0177942482042823        3.3922134572878542     
  0.89482467395407173       0.44641774481195212     
   3.0518174058579057        5.2638354130493532     
  0.79966903642646314       0.60044103139340166     
   4.9668464489114124        1.4958177139180859     
  0.98036278828203904      -0.19720244256059777     
   5.7127911981612680        3.6295986177728650     
  0.72040407969838494       0.69355458469678000     
   7.7357359426354817        4.2104379672337044     
  0.75966904499422061       0.65030988157767422     
   5.8647549002950079        2.5366683863331310     
  0.80845240117343076      -0.58856156435577234     
   5.4409296393513769        5.3892791303897774     
  0.92737993568117005       0.37412090946108445     
   7.5124371791525100        3.0606333290710057     
  0.97830784263155035       0.20715637824021205     
   8.4951139299399667        2.6146387354094722     
  0.87011157654675075      -0.49285479033821705     
   9.1169430491724430        3.7033866732563552     
  0.99912009088440634       -4.1940958395528055E-002
   7.9371308208444447       0.22638137887677845     
  0.82136567474096989       0.57040198838828682     
   8.0888282411844621        1.6349981021539857     
  0.70246971719865525       0.71171363371713003     
   10.536944178082107        2.2070823049908097     
  0.87361193682468608      -0.48662324629781173     
  -10.962196396556678        4.8716404249459995     
  0.90735423640290491       0.42036685131168616     
   9.9821730960637964        1.3035156007085602     
  0.58554725014928100       0.81063827805169386     
  -12.195308133840550        5.8240296714117417     
  -8.9224468842401011E-002 -0.99601154318601715     
   11.980274961722863        6.5891893677508513     
  0.54318245494883788      -0.83961468581472165     
   10.086209195849772        4.0870042374296860     
  0.98956392753066469      -0.14409452914696486     
   11.851248745305481        5.4713506551650974     
 -0.46290527401762127      -0.88640775452760501     
  -11.250858381442235        6.1612167007239274     
   3.2352094449797496E-002 -0.99947653398402081     
  -8.4673629615869501        4.7581227977400182     
  0.99070823559207688       0.13600438202511725     
  -10.220658023077087        6.3009955847858601     
 -0.99504538799118525        9.9421707073815535E-002
  -9.4373244232952356        5.1509192305903646     
  0.98347328888496588      -0.18105327958860265     
  -7.3461245891844067        4.9097307063344182     
  0.99664626587901406        8.1830438770776850E-002
  -6.1910705362343021        12.242951374152765     
  0.88375494191220938       0.46795000015572963     
  -7.2955332362608978        8.3493035985386399     
  0.99998999695994228        4.4728044954503018E-003
  -8.2576800267729062        5.8158248764983576     
  0.96793709005385253       0.25119273416657545     
  -7.5642570772462978        7.1362972052589155     
  0.98574107525928056      -0.16826922638045680     
  -6.2125391438892414        6.5251054278893736     
  0.99872659329765523        5.0449894351327317E-002
  -6.7357860791658037        10.107060357467729     
  0.66863255507624764      -0.74359297084642251     
  -6.8148461750869131        2.8154170868368302     
  0.76960457020280659      -0.63852079490252578     
  -5.4660260228031063        5.7827558214670267     
  0.96088787256266939       0.27693771206173268     
  -3.8056527265561826        7.1905364324434640     
  0.43813815014384339      -0.89890764897654030     
  -5.5694270693503016        7.8282997751174470     
  0.29274876990670234       0.95618939427192595     
  -3.4042627431470951        4.6575549554974973     
  0.64714007299788634      -0.76237112085931624     
  -2.5290720297765032        5.3741763107413698     
  0.92179591857405818       0.38767548865024765     
   1.6816439509815333        5.8471489227174667     
  0.94015356376619330      -0.34075104774266857     
  -1.5852106008335107        5.0101946305067999     
  0.84404026779291697      -0.53627980228986905     
 -0.38131150964438465        5.4883419576365240     
  0.98454030922417979      -0.17515815571293428     
 -0.59516647342706896        4.3915810542906684     
  0.99211366961934355       0.12534140000191457     
  0.51972013947477458        4.9638429553222903     
  0.89528788413708726       0.44548805204779340     
   2.8087187904811972        6.2796192416843004     
  0.54255801444839491       0.84001833370338741     
   1.7034235470914008        3.4883810356916216     
  0.99956990214327790       -2.9325939529326810E-002
   3.3530029919189199        8.2996521234840817     
  0.98054245741310353       0.19630712979989334     
   3.8934310551389055        6.4127962942848278     
  0.95704377643146188      -0.28994345999488597     
   4.9627699727147050        6.4574675288075181     
  0.81402399914936885      -0.58083123952562010     
   4.3125746253150758        5.4623560755271345     
  0.53863317687718570      -0.84254038524404895     
   6.4378663894453139        9.5887361475287776     
  0.77681138596510335      -0.62973333295528766     
   4.6362769302020554        8.7157218689407934     
   7.6631677863921541E-002  0.99705946961440572     
   2.7963834874785367        9.2710678464906895     
  0.90761153536467987       0.41981102995629899     
   3.7783223686857781        4.5718313934707497     
  0.58976710131036836      -0.80757338131711953     
   6.7357825958374571        3.6918499002245055     
  0.99095888207792793      -0.13416591978167663     
   6.0564666525254394        4.5701953681634802     
  0.87029040453481432       0.49253894442432589     
   4.7912886809691573        4.2672554749679872     
  0.99953363042999888        3.0537217283610588E-002
   7.5176855133945848        6.0268923702007982     
  0.96450882733271992      -0.26405060499317462     
   9.8472557892679760        2.9831880769114032     
  0.82134135660900365       0.57043700434288236     
   9.1314612582943901        4.7270835082195504     
  0.99522035050030222       -9.7654769213057380E-002
   7.0372194621654121        7.1216870989393684     
  0.97045922091885439      -0.24126520788039482     
   7.0387687809970929        4.9598447677396615     
  0.98497403114232163      -0.17270251293841907     
   10.859066982252116        3.4194366038931334     
  0.98466776855191374       0.17444020630289012     
   11.541626012240542        4.1840254224773119     
  0.91811871157021596      -0.39630547745980832     
   10.940999247704319        6.0375142038288061     
  0.87043598155198909       0.49228162876510545     
  -11.674856264781573        2.5298228433230316     
  0.94694588015296832       0.32139306162597880     
   9.8419063162769458        6.0129858564282204     
  0.13860029672586277       0.99034840220374099     
   11.784993025654837        7.6368832953365784     
  0.67581081614821692      -0.73707512559920307     
   11.126263443131940        8.4178270322514308     
  0.88272980132092760       0.46988094009005688     
  -10.804155238653356        7.1277669010776430     
 -0.99513983120435345       -9.8471906402643666E-002
  -9.8067575962174054        7.3475105841834401     
   7.5851039420486641E-002 -0.99711916029070058     
  -8.3131772556019676        8.6421858808775287     
  0.55796969980370870       0.82986132221050002     
  -11.536530128716864        7.8597833976634872     
  0.19904355135946741       0.97999064519117274     
  -9.2030991221990508        6.2951939274972002     
  0.60029266408160609      -0.79978041827104518     
  -8.5858243400828478        7.4150663964327563     
   2.2508091682261946E-002  0.99974666081403984     
  -3.3791021198471096        9.2140931456534201     
  0.98928751448440222       0.14598018250870107     
  -9.2927118603204164        8.2468573858699319     
  0.45114921038668004       0.89244853631314514     
  -5.7041238802182361        10.158340276431549     
  0.87348791896701383      -0.48684582304737428     
  -6.4821805862896218        9.0602470489550093     
  0.91147157197323858       0.41136306772075859     
  -4.3813981637407275        9.1850567307988698     
  0.99999124739849821       -4.1839128092528658E-003
  -5.1696672281450669        12.433957401988765     
  0.26506375949128047      -0.96423088697902049     
  -4.8658061209154040        6.8159408243573898     
  0.40323407085013496       0.91509687143254326     
  -3.2485006664297371        6.1354179456957194     
 -0.32121224537423992      -0.94700722986767061     
  -1.3070408126215902        9.9350101616337643     
  0.82165741903155154      -0.56998165387177979     
  -3.4405912523968420        8.2008265807016691     
  0.99964788667280047       -2.6534933024297082E-002
 -0.53693928716818962        9.0421763651325371     
  0.91873686673400368      -0.39487032011001477     
  -2.5142755495014479        6.8914896892507995     
  0.53881072231252236      -0.84242685470078527     
   2.0841588233198216        10.280749193439497     
  0.57105845147559076      -0.82090940121203404     
  -1.4781195984575248        7.2784831315272527     
 -0.94676982137273036      -0.32191133148407214     
  -1.4247644216893056        3.7708202983577670     
  0.95271271369243582      -0.30387248175640175     
  -1.7395074572507390        6.1945997234281265     
  0.97000297311701000      -0.24309305243910451     
   1.8096842110004365        6.8468827112680453     
  0.60610404433483156      -0.79538537039661505     
  0.55477246100103694        6.0347126704738017     
  0.99996429697133216       -8.4501350657553050E-003
 -0.40723194919623418        6.5067577027430188     
  0.75558712618007606      -0.65504816216132822     
   2.9091206886346557        7.3589904607240095     
  0.87426248746936164       0.48545350241180069     
   1.6876707473318895        9.2833130420250765     
  0.99528786942714387       -9.6964204586933916E-002
 -0.24053307452596087        10.054195115912847     
  0.31883843655913890      -0.94780907960017124     
   6.2164963674182321        6.1447014671760130     
  0.85807445895427958       0.51352528943599274     
   5.3554248804566802        9.8280580214100173     
  0.99893787331782347       -4.6077383294454356E-002
   5.6443848869132518        7.1934355278335005     
  0.82517801697060178      -0.56487276470765113     
   2.0895979990857221        8.1036880119296590     
  0.86947270202045901      -0.49398099198374246     
   4.3476789760011245        7.7261607478693719     
  0.99774643270740360       -6.7097362240632605E-002
   6.6336712682520842        8.1341266436561099     
  0.94283001237444886      -0.33327401303731524     
   9.8621312985169372        7.9573903662267425     
  0.56760723779536182       0.82329947382609192     
   6.0485460385748420        10.873887552457731     
  0.83887369230993791      -0.54432612315623052     
   3.7750825883798171        9.5017614955480987     
  0.95439135605390613      -0.29855843563628587     
   7.1650690869283800        10.314316656456214     
  0.48639990262915561       0.87373630731608487     
   8.1542731533072033        6.9956247937703084     
  0.62685802387126788       0.77913350454733310     
   8.0555853297784079        9.2841959845222846     
  0.62610090970307508       0.77974204123478030     
   8.1474682912065131        5.1748603798865425     
  0.99771868744765524        6.7508671426181208E-002
   10.419282607877674        5.0701171531632481     
  0.40853087122122600       0.91274450272747532     
   8.8059042335248403        8.3426794689982380     
  0.45137537315615522       0.89233417087330114     
   9.1824921176435961        7.1442767400650791     
  0.42582289370870730       0.90480653357142748     
   8.7688292683131888        6.1481018017758702     
  0.98395573383213775       0.17841276260082783     
   12.423088793922563        8.5421506852452787     
  0.99998969876150179        4.5389834633637778E-003
  -11.971272932853326        9.5811373621305513     
   8.5494642181511246E-002  0.99633863026495928     
   11.839454003082512        9.4540526689342759     
  0.99640840031829192       -8.4677622635160113E-002
  -11.295496578756998        8.8392395770941157     
  0.98749520623728759       0.15764903316664181     
   10.486460826665365        7.1336612308861040     
  0.77482590997669365       0.63217466670912148     
  -10.423574241443660        8.1346208294127003     
  0.82339415145696859      -0.56746988584986491     
  -12.000694500362028        6.8700066735234069     
  0.93975821930930070      -0.34183985905773479     
  -9.8612755175635289        9.1014918083982099     
  0.69788083720126493       0.71621389058525087     
  -7.6186237645367187        9.4268493419120549     
  0.95589385088615619      -0.29371235220541009     
  -6.6555512283137661        11.185634665193012     
  0.72579989770507602      -0.68790588636186356     
  -8.9703106031798434        9.6733840902871471     
  0.67734116907970565       0.73566904289207224     
  -5.4103021786716941        9.0912437273294113     
  0.86682675979104717      -0.49860943483868631     
  -5.3736467255125984        11.161494954162542     
  0.18168964286529013      -0.98335592420826112     
  -1.5348605371468602        8.8300840079480825     
  0.82937201911666814      -0.55869674592424556     
  -2.4356208509683985        9.6758777251416141     
  0.70491507910520923       0.70929171096953936     
  -4.4595667863098223        8.0004591349428082     
  0.83595768267557025       0.54879390737843514     
  -2.5206534421130233        8.6340970188304631     
  0.98830661457510827       0.15247962351438427     
  -1.2192418284807784        11.039907525028802     
  0.86017158648829872      -0.51000474683889296     
 -0.71060104380810807        12.186949280503727     
  0.96266655845512972      -0.27069003903386685     
 -0.30344555522814526        8.0649619865709727     
  0.85403187061619956      -0.52022068775837316     
