 Box   22.360679774997898      rho=   1.0000000000000000     
  -11.180339887498949       -11.180339887498949     
  0.99999999987233634        1.5978966538435495E-005
  -10.655339887498949       -10.271013229846094     
  0.96427502777283569       0.26490313477514194     
  -10.130339887498948       -11.180339887498949     
  0.89761942965014863      -0.44077132338043706     
  -9.6053398874989497       -10.271013229846094     
  0.91287979563601085       0.40822846387722028     
  -9.0803398874989494       -11.180339887498949     
  0.99518140834082103        9.8050826068830685E-002
  -8.5553398874989490       -10.271013229846094     
  0.99077792178807189      -0.13549579217565946     
  -8.0303398874989487       -11.180339887498949     
  0.94351506299418830      -0.33132963330054388     
  -7.5053398874989483       -10.271013229846094     
  0.99738892698820514        7.2217230086155174E-002
  -6.9803398874989488       -11.180339887498949     
  0.99379061891755449       0.11126637295905759     
  -6.4553398874989485       -10.271013229846094     
  0.99987005336853152        1.6120681648431275E-002
  -5.9303398874989490       -11.180339887498949     
  0.99034595989026930       0.13861774680401151     
  -5.4053398874989487       -10.271013229846094     
  0.98955696564678597      -0.14414233153354195     
  -4.8803398874989483       -11.180339887498949     
  0.95230187739810168      -0.30515755652457793     
  -4.3553398874989480       -10.271013229846094     
  0.98197390010818153       0.18901655881516546     
  -3.8303398874989485       -11.180339887498949     
  0.98283397523235794      -0.18449221427735324     
  -3.3053398874989481       -10.271013229846094     
  0.90147017430015364      -0.43284122359965949     
  -2.7803398874989487       -11.180339887498949     
  0.99509566589683374        9.8917216465775490E-002
  -2.2553398874989483       -10.271013229846094     
  0.89808449060307260      -0.43982297318150571     
  -1.7303398874989480       -11.180339887498949     
  0.99982386588362437       -1.8767983629691672E-002
  -1.2053398874989476       -10.271013229846094     
  0.89610337866203760       0.44384539509887994     
 -0.68033988749894903       -11.180339887498949     
  0.99933283166169040       -3.6522480241999930E-002
 -0.15533988749894867       -10.271013229846094     
  0.89632850147437249      -0.44339059241791046     
  0.36966011250105169       -11.180339887498949     
  0.98861575179858363       0.15046227200106066     
  0.89466011250105204       -10.271013229846094     
  0.97214943547186849      -0.23436184653592240     
   1.4196601125010524       -11.180339887498949     
  0.90402674684011208      -0.42747589522414486     
   1.9446601125010528       -10.271013229846094     
  0.90148652050801115       0.43280717801621482     
   2.4696601125010513       -11.180339887498949     
  0.94500498045615744       0.32705593850755466     
   2.9946601125010517       -10.271013229846094     
  0.97783270403873424      -0.20938768567491542     
   3.5196601125010520       -11.180339887498949     
  0.98241762273174849      -0.18669658418433840     
   4.0446601125010524       -10.271013229846094     
  0.99205276434840639       0.12582254467576603     
   4.5696601125010510       -11.180339887498949     
  0.98066638958011887      -0.19568707762112075     
   5.0946601125010496       -10.271013229846094     
  0.99960886870554078       -2.7966222577048304E-002
   5.6196601125010517       -11.180339887498949     
  0.98243986114798720       0.18657952520982479     
   6.1446601125010503       -10.271013229846094     
  0.99406950539297689      -0.10874657901636405     
   6.6696601125010524       -11.180339887498949     
  0.98828644479430394       0.15261029793508460     
   7.1946601125010510       -10.271013229846094     
  0.98411270497952952      -0.17754487854588591     
   7.7196601125010531       -11.180339887498949     
  0.99244811093670304      -0.12266518290929052     
   8.2446601125010517       -10.271013229846094     
  0.99454405953986891       0.10431736976149981     
   8.7696601125010503       -11.180339887498949     
  0.90106650632784702      -0.43368093245395045     
   9.2946601125010488       -10.271013229846094     
  0.90625895637017539      -0.42272296365213063     
   9.8196601125010510       -11.180339887498949     
  0.94164537485865940      -0.33660657748667755     
   10.344660112501050       -10.271013229846094     
  0.96735915924686378       0.25340926782815359     
  -11.180339887498949       -9.3616865721932392     
  0.99944824958324285        3.3214400566498201E-002
  -10.655339887498949       -8.4523599145403843     
  0.96416551057572120      -0.26530146666812626     
  -10.130339887498948       -9.3616865721932392     
  0.99999935531446926       -1.1355045777378104E-003
  -9.6053398874989497       -8.4523599145403843     
  0.97390350703938366      -0.22696246160188918     
  -9.0803398874989494       -9.3616865721932392     
  0.90421269832936813       0.42708242316902129     
  -8.5553398874989490       -8.4523599145403843     
  0.95219737058706611      -0.30548349783102463     
  -8.0303398874989487       -9.3616865721932392     
  0.94965695609083944      -0.31329166243020518     
  -7.5053398874989483       -8.4523599145403843     
  0.93795514317448603       0.34675661405736663     
  -6.9803398874989488       -9.3616865721932392     
  0.95236564713454253       0.30495847940007192     
  -6.4553398874989485       -8.4523599145403843     
  0.92613068414121691      -0.37720280472462248     
  -5.9303398874989490       -9.3616865721932392     
  0.99761241325373073        6.9061370693519086E-002
  -5.4053398874989487       -8.4523599145403843     
  0.99565832552485600       -9.3083289655231799E-002
  -4.8803398874989483       -9.3616865721932392     
  0.97486503552478709      -0.22279623540638102     
  -4.3553398874989480       -8.4523599145403843     
  0.94995968007134068      -0.31237254398995434     
  -3.8303398874989485       -9.3616865721932392     
  0.94892346778713776       0.31550634269826155     
  -3.3053398874989481       -8.4523599145403843     
  0.91671793755495634       0.39953500843478901     
  -2.7803398874989487       -9.3616865721932392     
  0.96483790812984571       0.26284560303650423     
  -2.2553398874989483       -8.4523599145403843     
  0.98234292328369299       0.18708923291961110     
  -1.7303398874989480       -9.3616865721932392     
  0.99998026737367862        6.2821065946171741E-003
  -1.2053398874989476       -8.4523599145403843     
  0.99841952058746397        5.6200186030819319E-002
 -0.68033988749894903       -9.3616865721932392     
  0.99164918486390019      -0.12896470121224035     
 -0.15533988749894867       -8.4523599145403843     
  0.90022841541677434       0.43541796021317669     
  0.36966011250105169       -9.3616865721932392     
  0.93639855946678396       0.35093836756406688     
  0.89466011250105204       -8.4523599145403843     
  0.97319160497129054      -0.22999586955726722     
   1.4196601125010524       -9.3616865721932392     
  0.95425897925900094       0.29898127115852852     
   1.9446601125010528       -8.4523599145403843     
  0.95580684529430449       0.29399536473990473     
   2.4696601125010513       -9.3616865721932392     
  0.95196849192105826      -0.30619599995680230     
   2.9946601125010517       -8.4523599145403843     
  0.99566762671998277       -9.2983746438810536E-002
   3.5196601125010520       -9.3616865721932392     
  0.95546672915958941       0.29509884694636790     
   4.0446601125010524       -8.4523599145403843     
  0.99938925114818056       -3.4944594567381838E-002
   4.5696601125010510       -9.3616865721932392     
  0.95890591483700161       0.28372424374842015     
   5.0946601125010496       -8.4523599145403843     
  0.99669689281663543       -8.1211476095834415E-002
   5.6196601125010517       -9.3616865721932392     
  0.96703193891058370       0.25465511800636792     
   6.1446601125010503       -8.4523599145403843     
  0.92478874354684482       0.38048098481927850     
   6.6696601125010524       -9.3616865721932392     
  0.96669552523552005       0.25592921187238887     
   7.1946601125010510       -8.4523599145403843     
  0.92654443589983282      -0.37618533770345214     
   7.7196601125010531       -9.3616865721932392     
  0.89564663592434435       0.44476634715028157     
   8.2446601125010517       -8.4523599145403843     
  0.92261893076705392       0.38571272806359136     
   8.7696601125010503       -9.3616865721932392     
  0.99823879411096461        5.9323772063881813E-002
   9.2946601125010488       -8.4523599145403843     
  0.97948060797706415      -0.20153842957828377     
   9.8196601125010510       -9.3616865721932392     
  0.95879811120770309       0.28408833475618278     
   10.344660112501050       -8.4523599145403843     
  0.99400690637488132      -0.10931729085116364     
  -11.180339887498949       -7.5430332568875293     
  0.96445243143206316       0.26425651837709069     
  -10.655339887498949       -6.6337065992346744     
  0.97258102977412575      -0.23256427181211906     
  -10.130339887498948       -7.5430332568875293     
  0.98189435549967441       0.18942933943262014     
  -9.6053398874989497       -6.6337065992346744     
  0.94751946356085193       0.31969808597074140     
  -9.0803398874989494       -7.5430332568875293     
  0.98910958760175405       0.14718092170620564     
  -8.5553398874989490       -6.6337065992346744     
  0.96244179944430430       0.27148808939327240     
  -8.0303398874989487       -7.5430332568875293     
  0.91418309301661305      -0.40530145872249029     
  -7.5053398874989483       -6.6337065992346744     
  0.93017556328787165      -0.36711499759896865     
  -6.9803398874989488       -7.5430332568875293     
  0.98991948257814166      -0.14163127483795429     
  -6.4553398874989485       -6.6337065992346744     
  0.91517143769331477       0.40306480822611040     
  -5.9303398874989490       -7.5430332568875293     
  0.98230974744394084      -0.18726334418839485     
  -5.4053398874989487       -6.6337065992346744     
  0.96033163681259059      -0.27886044419539074     
  -4.8803398874989483       -7.5430332568875293     
  0.93545989193136314      -0.35343286574364080     
  -4.3553398874989480       -6.6337065992346744     
  0.89775684501563402      -0.44049137020783369     
  -3.8303398874989485       -7.5430332568875293     
  0.99485320211452544      -0.10132673014794835     
  -3.3053398874989481       -6.6337065992346744     
  0.93977804707969814      -0.34178534524913234     
  -2.7803398874989487       -7.5430332568875293     
  0.99963778491410749       -2.6912803124469399E-002
  -2.2553398874989483       -6.6337065992346744     
  0.99547368394235081       -9.5037595604289704E-002
  -1.7303398874989480       -7.5430332568875293     
  0.95514744959708953      -0.29613062916249533     
  -1.2053398874989476       -6.6337065992346744     
  0.97737591743562569       0.21150961211460115     
 -0.68033988749894903       -7.5430332568875293     
  0.96830131792193774      -0.24978502299104838     
 -0.15533988749894867       -6.6337065992346744     
  0.96468152243037109      -0.26341898238627637     
  0.36966011250105169       -7.5430332568875293     
  0.92508503749957416      -0.37976002079525395     
  0.89466011250105204       -6.6337065992346744     
  0.99920148463895897        3.9954888252882674E-002
   1.4196601125010524       -7.5430332568875293     
  0.97275568070352336      -0.23183266736813643     
   1.9446601125010528       -6.6337065992346744     
  0.99080948469243657       0.13526479602434660     
   2.4696601125010513       -7.5430332568875293     
  0.92491440231082733       0.38017541792967735     
   2.9946601125010517       -6.6337065992346744     
  0.98510961249578854      -0.17192745961130587     
   3.5196601125010520       -7.5430332568875293     
  0.96295437386371552      -0.26966437261295678     
   4.0446601125010524       -6.6337065992346744     
  0.97454753704234942      -0.22418094933488597     
   4.5696601125010510       -7.5430332568875293     
  0.96030276653183833       0.27895984763276921     
   5.0946601125010496       -6.6337065992346744     
  0.99975191162274868       -2.2273643767013542E-002
   5.6196601125010517       -7.5430332568875293     
  0.91499606472996819       0.40346276349704419     
   6.1446601125010503       -6.6337065992346744     
  0.97065990843996997      -0.24045652860196806     
   6.6696601125010524       -7.5430332568875293     
  0.92875865979603744      -0.37068497656887661     
   7.1946601125010510       -6.6337065992346744     
  0.91748237067589666       0.39777644412274649     
   7.7196601125010531       -7.5430332568875293     
  0.99999828771072330       -1.8505608937581777E-003
   8.2446601125010517       -6.6337065992346744     
  0.95243073129807487       0.30475515102950140     
   8.7696601125010503       -7.5430332568875293     
  0.99999922391727458        1.2458590805608820E-003
   9.2946601125010488       -6.6337065992346744     
  0.99999830614207363        1.8405740906952143E-003
   9.8196601125010510       -7.5430332568875293     
  0.90816823381689515      -0.41860537393337582     
   10.344660112501050       -6.6337065992346744     
  0.92136878267621980       0.38868955003928379     
  -11.180339887498949       -5.7243799415818195     
  0.94671669496286581      -0.32206753869116950     
  -10.655339887498949       -4.8150532839289646     
  0.94217591994173300      -0.33511868924598842     
  -10.130339887498948       -5.7243799415818195     
  0.98097867795456317       0.19411551560480078     
  -9.6053398874989497       -4.8150532839289646     
  0.98567247107334910       0.16867062508972344     
  -9.0803398874989494       -5.7243799415818195     
  0.90254109978984509      -0.43060371943370013     
  -8.5553398874989490       -4.8150532839289646     
  0.91603579800524870       0.40109651802638152     
  -8.0303398874989487       -5.7243799415818195     
  0.91622500520243255       0.40066412347726166     
  -7.5053398874989483       -4.8150532839289646     
  0.98590344309006694       0.16731527396849083     
  -6.9803398874989488       -5.7243799415818195     
  0.99501825550465706       -9.9692884462578027E-002
  -6.4553398874989485       -4.8150532839289646     
  0.99402010881697767      -0.10919717609665465     
  -5.9303398874989490       -5.7243799415818195     
  0.91031406192184172      -0.41391823910931635     
  -5.4053398874989487       -4.8150532839289646     
  0.91462305282333201      -0.40430764430582861     
  -4.8803398874989483       -5.7243799415818195     
  0.92837714351898881       0.37163944811002370     
  -4.3553398874989480       -4.8150532839289646     
  0.99971926616539819        2.3693645935518964E-002
  -3.8303398874989485       -5.7243799415818195     
  0.92970161868908896       0.36831358949526671     
  -3.3053398874989481       -4.8150532839289646     
  0.99938416911228689       -3.5089635617144829E-002
  -2.7803398874989487       -5.7243799415818195     
  0.89781603464706938       0.44037071647716558     
  -2.2553398874989483       -4.8150532839289646     
  0.93677612587014925      -0.34992926428024618     
  -1.7303398874989480       -5.7243799415818195     
  0.96174216533921431       0.27395621440047591     
  -1.2053398874989476       -4.8150532839289646     
  0.93882876370345825       0.34438430922885560     
 -0.68033988749894903       -5.7243799415818195     
  0.94196560386801598      -0.33570939982306752     
 -0.15533988749894867       -4.8150532839289646     
  0.95009074749296940       0.31197367121000846     
  0.36966011250105169       -5.7243799415818195     
  0.99968099919299802       -2.5256679363866507E-002
  0.89466011250105204       -4.8150532839289646     
  0.90397050728997896       0.42759481048055048     
   1.4196601125010524       -5.7243799415818195     
  0.97812655523342784       0.20801067748360380     
   1.9446601125010528       -4.8150532839289646     
  0.91260172905790193       0.40884970847553254     
   2.4696601125010513       -5.7243799415818195     
  0.92138834236146105      -0.38864318154368643     
   2.9946601125010517       -4.8150532839289646     
  0.89609141969851058      -0.44386953887680536     
   3.5196601125010520       -5.7243799415818195     
  0.99308692670213028       0.11738124216976865     
   4.0446601125010524       -4.8150532839289646     
  0.90794947942529391       0.41907963779136037     
   4.5696601125010510       -5.7243799415818195     
  0.97115597891362004       0.23844509770663816     
   5.0946601125010496       -4.8150532839289646     
  0.90169055011843668      -0.43238195131979223     
   5.6196601125010517       -5.7243799415818195     
  0.95824783165003702       0.28593896750530939     
   6.1446601125010503       -4.8150532839289646     
  0.94781544614995239       0.31881951013005294     
   6.6696601125010524       -5.7243799415818195     
  0.95999594354556728      -0.28001390746899685     
   7.1946601125010510       -4.8150532839289646     
  0.93283352722842694      -0.36030766086578248     
   7.7196601125010531       -5.7243799415818195     
  0.96232622969871418       0.27189745793930775     
   8.2446601125010517       -4.8150532839289646     
  0.98683955537853196       0.16170247969744156     
   8.7696601125010503       -5.7243799415818195     
  0.99337318836630017      -0.11493349657506735     
   9.2946601125010488       -4.8150532839289646     
  0.99224017002851184      -0.12433601643043689     
   9.8196601125010510       -5.7243799415818195     
  0.99960067732427693       -2.8257492685071474E-002
   10.344660112501050       -4.8150532839289646     
  0.95422625628411473       0.29908569310149763     
  -11.180339887498949       -3.9057266262761097     
  0.94249146700901043      -0.33423021200245123     
  -10.655339887498949       -2.9963999686232548     
  0.99951013108494746        3.1296930497273577E-002
  -10.130339887498948       -3.9057266262761097     
  0.98553005122371939      -0.16950079095677731     
  -9.6053398874989497       -2.9963999686232548     
  0.99804324114147513       -6.2527504442598317E-002
  -9.0803398874989494       -3.9057266262761097     
  0.89627786475824267       0.44349294148205481     
  -8.5553398874989490       -2.9963999686232548     
  0.95106253744163094      -0.30899846257722091     
  -8.0303398874989487       -3.9057266262761097     
  0.93517943844186058      -0.35417427619120806     
  -7.5053398874989483       -2.9963999686232548     
  0.99893211134997262        4.6202131053512722E-002
  -6.9803398874989488       -3.9057266262761097     
  0.94835808206090078       0.31720174682647961     
  -6.4553398874989485       -2.9963999686232548     
  0.89539221797104718      -0.44527831296492365     
  -5.9303398874989490       -3.9057266262761097     
  0.99984279579969737       -1.7730868208992459E-002
  -5.4053398874989487       -2.9963999686232548     
  0.89661828018994238      -0.44280431302013051     
  -4.8803398874989483       -3.9057266262761097     
  0.94224328934931689       0.33492922189050589     
  -4.3553398874989480       -2.9963999686232548     
  0.99996031479420111        8.9089189401493039E-003
  -3.8303398874989485       -3.9057266262761097     
  0.98628983115171320       0.16502232869137767     
  -3.3053398874989481       -2.9963999686232548     
  0.94700717059675255       0.32121242011842133     
  -2.7803398874989487       -3.9057266262761097     
  0.98013223705932673      -0.19834514835780495     
  -2.2553398874989483       -2.9963999686232548     
  0.91408353505029094      -0.40552594362132183     
  -1.7303398874989480       -3.9057266262761097     
  0.99991181231919379        1.3280345799165226E-002
  -1.2053398874989476       -2.9963999686232548     
  0.99034378929940969       0.13863325357246167     
 -0.68033988749894903       -3.9057266262761097     
  0.91481425014096696       0.40387484167625559     
 -0.15533988749894867       -2.9963999686232548     
  0.93446584986941306      -0.35605277056615592     
  0.36966011250105169       -3.9057266262761097     
  0.99980842112453605        1.9573478190201374E-002
  0.89466011250105204       -2.9963999686232548     
  0.97722275142330484       0.21221614948129086     
   1.4196601125010524       -3.9057266262761097     
  0.90971078630224489      -0.41524244157522150     
   1.9446601125010528       -2.9963999686232548     
  0.91181733090495443       0.41059609723104384     
   2.4696601125010513       -3.9057266262761097     
  0.99336571383599281       0.11499808074532562     
   2.9946601125010517       -2.9963999686232548     
  0.98923835708217234       0.14631292792287520     
   3.5196601125010520       -3.9057266262761097     
  0.94863193782505706       0.31638180500508761     
   4.0446601125010524       -2.9963999686232548     
  0.99443146739975996       0.10538527717456650     
   4.5696601125010510       -3.9057266262761097     
  0.95427196031957551       0.29893983633472904     
   5.0946601125010496       -2.9963999686232548     
  0.94511599785151379      -0.32673498527879974     
   5.6196601125010517       -3.9057266262761097     
  0.99283402374391960       0.11950146985061774     
   6.1446601125010503       -2.9963999686232548     
  0.99962284899956555       -2.7461969302868566E-002
   6.6696601125010524       -3.9057266262761097     
  0.99999397637294418        3.4709102303924870E-003
   7.1946601125010510       -2.9963999686232548     
  0.95783665167757592      -0.28731332844664564     
   7.7196601125010531       -3.9057266262761097     
  0.99811537379179571        6.1365304533294841E-002
   8.2446601125010517       -2.9963999686232548     
  0.99723390941892265        7.4327181468504797E-002
   8.7696601125010503       -3.9057266262761097     
  0.96874990296451913       0.24803956439696231     
   9.2946601125010488       -2.9963999686232548     
  0.99844659508732070       -5.5717113695307789E-002
   9.8196601125010510       -3.9057266262761097     
  0.93188722791200163       0.36274811433622239     
   10.344660112501050       -2.9963999686232548     
  0.96708020632261593       0.25447175587677018     
  -11.180339887498949       -2.0870733109703998     
  0.99539715252762462       -9.5835842668058349E-002
  -10.655339887498949       -1.1777466533175449     
  0.94769340996783935      -0.31918208079954774     
  -10.130339887498948       -2.0870733109703998     
  0.99854916699251706       -5.3847572819490874E-002
  -9.6053398874989497       -1.1777466533175449     
  0.93269998966799073      -0.36065319806336116     
  -9.0803398874989494       -2.0870733109703998     
  0.97794020911885138      -0.20888500996619480     
  -8.5553398874989490       -1.1777466533175449     
  0.89750921117012439       0.44099570957638717     
  -8.0303398874989487       -2.0870733109703998     
  0.90053842769338022      -0.43477642558852547     
  -7.5053398874989483       -1.1777466533175449     
  0.97155899029231796       0.23679765282234477     
  -6.9803398874989488       -2.0870733109703998     
  0.91869674221417497       0.39496366395538451     
  -6.4553398874989485       -1.1777466533175449     
  0.97288931677455981       0.23127122022839375     
  -5.9303398874989490       -2.0870733109703998     
  0.99991895488421867        1.2731208240061886E-002
  -5.4053398874989487       -1.1777466533175449     
  0.93937446028002514       0.34289302030460084     
  -4.8803398874989483       -2.0870733109703998     
  0.98540798791071971       0.17020898143678267     
  -4.3553398874989480       -1.1777466533175449     
  0.94659240619946516      -0.32243265424814965     
  -3.8303398874989485       -2.0870733109703998     
  0.96820284030980319       0.25016646461112629     
  -3.3053398874989481       -1.1777466533175449     
  0.99844548549241408       -5.5736993996962657E-002
  -2.7803398874989487       -2.0870733109703998     
  0.99807936745776260        6.1948173944939740E-002
  -2.2553398874989483       -1.1777466533175449     
  0.98614304762648153       0.16589722607070581     
  -1.7303398874989480       -2.0870733109703998     
  0.90579559394463516      -0.42371493010098871     
  -1.2053398874989476       -1.1777466533175449     
  0.99059261954737632      -0.13684393336303544     
 -0.68033988749894903       -2.0870733109703998     
  0.90560060015261357      -0.42413152795238640     
 -0.15533988749894867       -1.1777466533175449     
  0.89829279688019814      -0.43939737262886669     
  0.36966011250105169       -2.0870733109703998     
  0.99711188635898385        7.5946600197960512E-002
  0.89466011250105204       -1.1777466533175449     
  0.90579012741195597       0.42372661597194089     
   1.4196601125010524       -2.0870733109703998     
  0.91121377114109769       0.41193380934662205     
   1.9446601125010528       -1.1777466533175449     
  0.90929446749059439       0.41615330275151780     
   2.4696601125010513       -2.0870733109703998     
  0.90391528125384402       0.42771154335110478     
   2.9946601125010517       -1.1777466533175449     
  0.94534512119687242       0.32607146736454978     
   3.5196601125010520       -2.0870733109703998     
  0.94892909041867168       0.31548943145086922     
   4.0446601125010524       -1.1777466533175449     
  0.99505990589667948        9.9276299673645638E-002
   4.5696601125010510       -2.0870733109703998     
  0.96756530348207470       0.25262102742574855     
   5.0946601125010496       -1.1777466533175449     
  0.99437885485315336      -0.10588056016536412     
   5.6196601125010517       -2.0870733109703998     
  0.98418713671050873      -0.17713181513655402     
   6.1446601125010503       -1.1777466533175449     
  0.99929452526028839        3.7555982011058843E-002
   6.6696601125010524       -2.0870733109703998     
  0.99373697098215974       0.11174449652310471     
   7.1946601125010510       -1.1777466533175449     
  0.90731257014938416      -0.42045677548223559     
   7.7196601125010531       -2.0870733109703998     
  0.99076424619584935       0.13559575384196396     
   8.2446601125010517       -1.1777466533175449     
  0.99885982095271686       -4.7739481420583867E-002
   8.7696601125010503       -2.0870733109703998     
  0.92131943898996005       0.38880649600955114     
   9.2946601125010488       -1.1777466533175449     
  0.94212399690121751       0.33526463348059077     
   9.8196601125010510       -2.0870733109703998     
  0.99212767716025774      -0.12523047637293189     
   10.344660112501050       -1.1777466533175449     
  0.99730140693165170       -7.3415963741874035E-002
  -11.180339887498949      -0.26841999566468999     
  0.98932795055257539       0.14570588957019204     
  -10.655339887498949       0.64090666198816493     
  0.96810006641765334       0.25056388686747127     
  -10.130339887498948      -0.26841999566468999     
  0.94874179947659110       0.31605220759539038     
  -9.6053398874989497       0.64090666198816493     
  0.97663369050459059       0.21491075955238631     
  -9.0803398874989494      -0.26841999566468999     
  0.94969436600938639      -0.31317824185283027     
  -8.5553398874989490       0.64090666198816493     
  0.96599821719738055      -0.25854872726718708     
  -8.0303398874989487      -0.26841999566468999     
  0.89915025939117399      -0.43764004734117340     
  -7.5053398874989483       0.64090666198816493     
  0.94682022993240922      -0.32176303732831052     
  -6.9803398874989488      -0.26841999566468999     
  0.99093001893163080      -0.13437893279884994     
  -6.4553398874989485       0.64090666198816493     
  0.89991786983589506       0.43605943121325247     
  -5.9303398874989490      -0.26841999566468999     
  0.98520730895235586       0.17136673652391660     
  -5.4053398874989487       0.64090666198816493     
  0.97672571756813997       0.21449212722382610     
  -4.8803398874989483      -0.26841999566468999     
  0.91446786702803973       0.40465852292171900     
  -4.3553398874989480       0.64090666198816493     
  0.92589069411814140      -0.37779150671425415     
  -3.8303398874989485      -0.26841999566468999     
  0.96179302686429091      -0.27377759856355177     
  -3.3053398874989481       0.64090666198816493     
  0.89799168598427759       0.44001242244181538     
  -2.7803398874989487      -0.26841999566468999     
  0.98592224094499104       0.16720447006586592     
  -2.2553398874989483       0.64090666198816493     
  0.90440939043366575       0.42666574094413223     
  -1.7303398874989480      -0.26841999566468999     
  0.92175049341548243      -0.38778348068002416     
  -1.2053398874989476       0.64090666198816493     
  0.99997713779330177        6.7619442999820615E-003
 -0.68033988749894903      -0.26841999566468999     
  0.93277824501083095       0.36045075341094002     
 -0.15533988749894867       0.64090666198816493     
  0.99708698818005792       -7.6272786772354301E-002
  0.36966011250105169      -0.26841999566468999     
  0.96299479834908930       0.26951997765026037     
  0.89466011250105204       0.64090666198816493     
  0.92206314803426426      -0.38703946961148861     
   1.4196601125010524      -0.26841999566468999     
  0.99367646017841027      -0.11228130960807371     
   1.9446601125010528       0.64090666198816493     
  0.94225732812185659       0.33488972453728683     
   2.4696601125010513      -0.26841999566468999     
  0.99119193153174867       0.13243320907673117     
   2.9946601125010517       0.64090666198816493     
  0.94046143234316271      -0.33990041817427458     
   3.5196601125010520      -0.26841999566468999     
  0.94550093898675913      -0.32561937039303551     
   4.0446601125010524       0.64090666198816493     
  0.92593136162458844      -0.37769182352817171     
   4.5696601125010510      -0.26841999566468999     
  0.99552179938614760        9.4532253474499006E-002
   5.0946601125010496       0.64090666198816493     
  0.99625848892072044        8.6423510999047964E-002
   5.6196601125010517      -0.26841999566468999     
  0.95259338419684081       0.30424635475944511     
   6.1446601125010503       0.64090666198816493     
  0.90436835079051137      -0.42675272241480872     
   6.6696601125010524      -0.26841999566468999     
  0.99174750311452808       0.12820643535368714     
   7.1946601125010510       0.64090666198816493     
  0.98917370481784272      -0.14674938397466347     
   7.7196601125010531      -0.26841999566468999     
  0.91192157488218684       0.41036452242413940     
   8.2446601125010517       0.64090666198816493     
  0.92180309693325591       0.38765841985472005     
   8.7696601125010503      -0.26841999566468999     
  0.98308864217189029       0.18313034055729024     
   9.2946601125010488       0.64090666198816493     
  0.92423773606446236       0.38181750514406360     
   9.8196601125010510      -0.26841999566468999     
  0.90456489491393643       0.42633596011753344     
   10.344660112501050       0.64090666198816493     
  0.96050469763855795      -0.27826377021499321     
  -11.180339887498949        1.5502333196410198     
  0.99886561684222164       -4.7618058448534888E-002
  -10.655339887498949        2.4595599772938748     
  0.99743819691581936        7.1533511959913781E-002
  -10.130339887498948        1.5502333196410198     
  0.99781179765595573        6.6118200660558873E-002
  -9.6053398874989497        2.4595599772938748     
  0.89622452761443583      -0.44360071697674380     
  -9.0803398874989494        1.5502333196410198     
  0.93869091580030584      -0.34475986511481160     
  -8.5553398874989490        2.4595599772938748     
  0.90488296128389434       0.42566045902584193     
  -8.0303398874989487        1.5502333196410198     
  0.99964781321950769       -2.6537700078498358E-002
  -7.5053398874989483        2.4595599772938748     
  0.99760712523071293       -6.9137715386844378E-002
  -6.9803398874989488        1.5502333196410198     
  0.95473885975311934      -0.29744530535430136     
  -6.4553398874989485        2.4595599772938748     
  0.96379173052737288      -0.26665614593901960     
  -5.9303398874989490        1.5502333196410198     
  0.95533511452973485       0.29552465031949265     
  -5.4053398874989487        2.4595599772938748     
  0.99998735039834419       -5.0298154339037324E-003
  -4.8803398874989483        1.5502333196410198     
  0.98998915812863930      -0.14114342630015775     
  -4.3553398874989480        2.4595599772938748     
  0.93414470024958440      -0.35689449280650709     
  -3.8303398874989485        1.5502333196410198     
  0.94924037871972633       0.31455159101176150     
  -3.3053398874989481        2.4595599772938748     
  0.99349076675757597      -0.11391266991622874     
  -2.7803398874989487        1.5502333196410198     
  0.93775025194873862      -0.34731032948946000     
  -2.2553398874989483        2.4595599772938748     
  0.95140897023346804       0.30793014038786770     
  -1.7303398874989480        1.5502333196410198     
  0.99632029251076437        8.5708078564770529E-002
  -1.2053398874989476        2.4595599772938748     
  0.97453085176981757       0.22425347031605503     
 -0.68033988749894903        1.5502333196410198     
  0.98019615608055100       0.19802902717761425     
 -0.15533988749894867        2.4595599772938748     
  0.99890085442178400        4.6873052337458150E-002
  0.36966011250105169        1.5502333196410198     
  0.95820532625473365      -0.28608137432740965     
  0.89466011250105204        2.4595599772938748     
  0.99886186544285849        4.7696685042182059E-002
   1.4196601125010524        1.5502333196410198     
  0.92960286879845844       0.36856275764335722     
   1.9446601125010528        2.4595599772938748     
  0.99050237169442246       0.13749564235903697     
   2.4696601125010513        1.5502333196410198     
  0.95949842331076118       0.28171399621631038     
   2.9946601125010517        2.4595599772938748     
  0.98663479489158279      -0.16294717398360836     
   3.5196601125010520        1.5502333196410198     
  0.91122050510495034       0.41191891322962970     
   4.0446601125010524        2.4595599772938748     
  0.94453126117405106       0.32842152284062698     
   4.5696601125010510        1.5502333196410198     
  0.99848186699731001        5.5081405914938958E-002
   5.0946601125010496        2.4595599772938748     
  0.90155643142722475      -0.43266153162975751     
   5.6196601125010517        1.5502333196410198     
  0.98714699547654805       0.15981492208684406     
   6.1446601125010503        2.4595599772938748     
  0.98805217641193954      -0.15411974788335625     
   6.6696601125010524        1.5502333196410198     
  0.98933776498695569      -0.14563923499735634     
   7.1946601125010510        2.4595599772938748     
  0.94368689848118659      -0.33083989728410718     
   7.7196601125010531        1.5502333196410198     
  0.98600410238220493      -0.16672105471554108     
   8.2446601125010517        2.4595599772938748     
  0.94797063327271758       0.31835778371593637     
   8.7696601125010503        1.5502333196410198     
  0.99875116742686898       -4.9961040456202838E-002
   9.2946601125010488        2.4595599772938748     
  0.97983979432301016       0.19978482790502683     
   9.8196601125010510        1.5502333196410198     
  0.95376812325843341       0.30054345285846046     
   10.344660112501050        2.4595599772938748     
  0.99780933172804320        6.6155404287448469E-002
  -11.180339887498949        3.3688866349467297     
  0.99420801835769235       0.10747286277600665     
  -10.655339887498949        4.2782132925995846     
  0.99731506221783384        7.3230230598013410E-002
  -10.130339887498948        3.3688866349467297     
  0.89718909411181658       0.44164661145175566     
  -9.6053398874989497        4.2782132925995846     
  0.97577512793583132       0.21877591206943292     
  -9.0803398874989494        3.3688866349467297     
  0.99093278392113837      -0.13435854178392415     
  -8.5553398874989490        4.2782132925995846     
  0.90736480793476415      -0.42034403209931354     
  -8.0303398874989487        3.3688866349467297     
  0.99174360125462846      -0.12823661478103823     
  -7.5053398874989483        4.2782132925995846     
  0.90289374125404276       0.42986380634368093     
  -6.9803398874989488        3.3688866349467297     
  0.91408986737804820      -0.40551166981578007     
  -6.4553398874989485        4.2782132925995846     
  0.98634650442281813      -0.16468325116078930     
  -5.9303398874989490        3.3688866349467297     
  0.93765561763205652      -0.34756573870714935     
  -5.4053398874989487        4.2782132925995846     
  0.90597245797941139       0.42333663364129448     
  -4.8803398874989483        3.3688866349467297     
  0.95790324137728722       0.28709124012913845     
  -4.3553398874989480        4.2782132925995846     
  0.97860470632404584      -0.20574943198081491     
  -3.8303398874989485        3.3688866349467297     
  0.99994914296666371        1.0085210966302658E-002
  -3.3053398874989481        4.2782132925995846     
  0.99112077002546861      -0.13296472924848216     
  -2.7803398874989487        3.3688866349467297     
  0.95921904385584944      -0.28266380366836841     
  -2.2553398874989483        4.2782132925995846     
  0.99507412711549637       -9.9133654958006454E-002
  -1.7303398874989480        3.3688866349467297     
  0.96853607939649389       0.24887318639674433     
  -1.2053398874989476        4.2782132925995846     
  0.97553250374570055       0.21985525723904015     
 -0.68033988749894903        3.3688866349467297     
  0.90383525023505740      -0.42788063806689253     
 -0.15533988749894867        4.2782132925995846     
  0.97885601621433971       0.20455048159560082     
  0.36966011250105169        3.3688866349467297     
  0.89878666418443154      -0.43838628204384089     
  0.89466011250105204        4.2782132925995846     
  0.99328772556838862       0.11566976370330075     
   1.4196601125010524        3.3688866349467297     
  0.92309642476893861       0.38456857721192356     
   1.9446601125010528        4.2782132925995846     
  0.97252489005793397       0.23279892228660182     
   2.4696601125010513        3.3688866349467297     
  0.99855989798380618       -5.3648207226063713E-002
   2.9946601125010517        4.2782132925995846     
  0.96229592473967906      -0.27200469339591565     
   3.5196601125010520        3.3688866349467297     
  0.92768391046315868      -0.37336652537122572     
   4.0446601125010524        4.2782132925995846     
  0.94751642251601609       0.31970709886152127     
   4.5696601125010510        3.3688866349467297     
  0.94903136280535216       0.31518164986530539     
   5.0946601125010496        4.2782132925995846     
  0.99277281357048019       0.12000891898251784     
   5.6196601125010517        3.3688866349467297     
  0.95485972046104484       0.29705708919508256     
   6.1446601125010503        4.2782132925995846     
  0.97168665764328443      -0.23627323030344041     
   6.6696601125010524        3.3688866349467297     
  0.99216178305082670       0.12495997860676911     
   7.1946601125010510        4.2782132925995846     
  0.93353884125125375      -0.35847626403329225     
   7.7196601125010531        3.3688866349467297     
  0.97783290296547476      -0.20938675669228088     
   8.2446601125010517        4.2782132925995846     
  0.98609065611850388      -0.16620835693724495     
   8.7696601125010503        3.3688866349467297     
  0.97929663006350376      -0.20243050744950780     
   9.2946601125010488        4.2782132925995846     
  0.90616327695666210      -0.42292802637702309     
   9.8196601125010510        3.3688866349467297     
  0.94247078382322591       0.33428853052360930     
   10.344660112501050        4.2782132925995846     
  0.99784408853919926        6.5629071053723162E-002
  -11.180339887498949        5.1875399502524395     
  0.92666517288146810      -0.37588782551255762     
  -10.655339887498949        6.0968666079052944     
  0.96073375930622451      -0.27747187916855548     
  -10.130339887498948        5.1875399502524395     
  0.96479802327797992      -0.26299196618699699     
  -9.6053398874989497        6.0968666079052944     
  0.93199229003927586      -0.36247809769329031     
  -9.0803398874989494        5.1875399502524395     
  0.99216528178445496      -0.12493219609681454     
  -8.5553398874989490        6.0968666079052944     
  0.97032065760522801      -0.24182187954061898     
  -8.0303398874989487        5.1875399502524395     
  0.93110418299668218       0.36475334187102537     
  -7.5053398874989483        6.0968666079052944     
  0.96955037929425836      -0.24489193945567020     
  -6.9803398874989488        5.1875399502524395     
  0.98855936140878575       0.15083232071095942     
  -6.4553398874989485        6.0968666079052944     
  0.96950177779834323      -0.24508427702700944     
  -5.9303398874989490        5.1875399502524395     
  0.98276923826660656       0.18483675044988718     
  -5.4053398874989487        6.0968666079052944     
  0.94819620820639761       0.31768530142738699     
  -4.8803398874989483        5.1875399502524395     
  0.98023966306683397       0.19781355603350326     
  -4.3553398874989480        6.0968666079052944     
  0.93269925824360189      -0.36065508962419296     
  -3.8303398874989485        5.1875399502524395     
  0.96908607887648013      -0.24672286421774631     
  -3.3053398874989481        6.0968666079052944     
  0.90574898844127549      -0.42381454663284768     
  -2.7803398874989487        5.1875399502524395     
  0.97735815161435879      -0.21159169046293852     
  -2.2553398874989483        6.0968666079052944     
  0.96919213251264102      -0.24630592821854552     
  -1.7303398874989480        5.1875399502524395     
  0.97316396721248322       0.23011278304183980     
  -1.2053398874989476        6.0968666079052944     
  0.96911915781990809       0.24659289922143357     
 -0.68033988749894903        5.1875399502524395     
  0.98731017124828147       0.15880373342490828     
 -0.15533988749894867        6.0968666079052944     
  0.95810947263262658       0.28640223192501507     
  0.36966011250105169        5.1875399502524395     
  0.90134185216815643       0.43310837619477782     
  0.89466011250105204        6.0968666079052944     
  0.99872653606038142       -5.0451027430884060E-002
   1.4196601125010524        5.1875399502524395     
  0.98222240277898587      -0.18772094043839554     
   1.9446601125010528        6.0968666079052944     
  0.95945751966105686      -0.28185327382496833     
   2.4696601125010513        5.1875399502524395     
  0.92108265060807426      -0.38936711564897747     
   2.9946601125010517        6.0968666079052944     
  0.98836059091644357       0.15212936049066456     
   3.5196601125010520        5.1875399502524395     
  0.99025629828119077      -0.13925682645541448     
   4.0446601125010524        6.0968666079052944     
  0.95653936577064858       0.29160322654436693     
   4.5696601125010510        5.1875399502524395     
  0.97453127423928743       0.22425163439660975     
   5.0946601125010496        6.0968666079052944     
  0.98615349883265302       0.16583508898938357     
   5.6196601125010517        5.1875399502524395     
  0.99834260858856316       -5.7550289978268380E-002
   6.1446601125010503        6.0968666079052944     
  0.90111107825068171       0.43358831240462847     
   6.6696601125010524        5.1875399502524395     
  0.99703668468162365       -7.6927559424931916E-002
   7.1946601125010510        6.0968666079052944     
  0.94499377737864065      -0.32708830721327870     
   7.7196601125010531        5.1875399502524395     
  0.92582961609673542       0.37794116203209649     
   8.2446601125010517        6.0968666079052944     
  0.96531456127965665       0.26108963553052833     
   8.7696601125010503        5.1875399502524395     
  0.92692846396910167       0.37523808799731662     
   9.2946601125010488        6.0968666079052944     
  0.95511612445710292       0.29623164719868134     
   9.8196601125010510        5.1875399502524395     
  0.99995360280776602       -9.6328724567798039E-003
   10.344660112501050        6.0968666079052944     
  0.95404382014751365      -0.29966713072730999     
  -11.180339887498949        7.0061932655581494     
  0.93665543331530765      -0.35025219377030781     
  -10.655339887498949        7.9155199232110043     
  0.92052597269513214      -0.39068137093247862     
  -10.130339887498948        7.0061932655581494     
  0.99979760374217974        2.0118438095322998E-002
  -9.6053398874989497        7.9155199232110043     
  0.92403842893586741      -0.38229959697825200     
  -9.0803398874989494        7.0061932655581494     
  0.95724630507787667       0.28927411120726443     
  -8.5553398874989490        7.9155199232110043     
  0.95684509429803244      -0.29059846096940967     
  -8.0303398874989487        7.0061932655581494     
  0.95765550094798690       0.28791655302198288     
  -7.5053398874989483        7.9155199232110043     
  0.99993151997623575        1.1702792744253772E-002
  -6.9803398874989488        7.0061932655581494     
  0.98653912209878136      -0.16352541260784448     
  -6.4553398874989485        7.9155199232110043     
  0.94509598277239115      -0.32679287530098933     
  -5.9303398874989490        7.0061932655581494     
  0.96783609526752479       0.25158158258765828     
  -5.4053398874989487        7.9155199232110043     
  0.99483962578532603       0.10145993774545807     
  -4.8803398874989483        7.0061932655581494     
  0.95114874400698701       0.30873300240487883     
  -4.3553398874989480        7.9155199232110043     
  0.89776386386723406      -0.44047706493547928     
  -3.8303398874989485        7.0061932655581494     
  0.99970853534934923        2.4142169530908485E-002
  -3.3053398874989481        7.9155199232110043     
  0.92145724588483446      -0.38847978584005582     
  -2.7803398874989487        7.0061932655581494     
  0.94996213343478120      -0.31236508293988152     
  -2.2553398874989483        7.9155199232110043     
  0.90499290501285456       0.42542665863388757     
  -1.7303398874989480        7.0061932655581494     
  0.99455291558372838       0.10423290317315943     
  -1.2053398874989476        7.9155199232110043     
  0.98825490839479446       0.15281438424963970     
 -0.68033988749894903        7.0061932655581494     
  0.92311657194855834       0.38452021350501486     
 -0.15533988749894867        7.9155199232110043     
  0.94384522277752625      -0.33038794687464279     
  0.36966011250105169        7.0061932655581494     
  0.94852942945962293      -0.31668899799172384     
  0.89466011250105204        7.9155199232110043     
  0.93621628063989470       0.35142435297628699     
   1.4196601125010524        7.0061932655581494     
  0.99061498346558907      -0.13668194662599314     
   1.9446601125010528        7.9155199232110043     
  0.99330161733161071      -0.11555040894088750     
   2.4696601125010513        7.0061932655581494     
  0.99445781310880355       0.10513637784732732     
   2.9946601125010517        7.9155199232110043     
  0.96206840935643378      -0.27280831314016329     
   3.5196601125010520        7.0061932655581494     
  0.96453635261297799       0.26395004165192482     
   4.0446601125010524        7.9155199232110043     
  0.97689157638978796       0.21373546261365986     
   4.5696601125010510        7.0061932655581494     
  0.94493719250582231      -0.32725174135398349     
   5.0946601125010496        7.9155199232110043     
  0.99929268884703570       -3.7604813745866869E-002
   5.6196601125010517        7.0061932655581494     
  0.99921615707842559        3.9586253086431655E-002
   6.1446601125010503        7.9155199232110043     
  0.98675244256532646      -0.16223321821181422     
   6.6696601125010524        7.0061932655581494     
  0.92793699510234862       0.37273708310339038     
   7.1946601125010510        7.9155199232110043     
  0.99772292953107322       -6.7445947898542649E-002
   7.7196601125010531        7.0061932655581494     
  0.94710167944595136      -0.32093365169557797     
   8.2446601125010517        7.9155199232110043     
  0.94570757745070289      -0.32501873477127852     
   8.7696601125010503        7.0061932655581494     
  0.96464313875428798      -0.26355950913271081     
   9.2946601125010488        7.9155199232110043     
  0.98557112515534984      -0.16926180094757884     
   9.8196601125010510        7.0061932655581494     
  0.99493389614696326      -0.10053130009018982     
   10.344660112501050        7.9155199232110043     
  0.97124883933003370       0.23806657073193266     
  -11.180339887498949        8.8248465808638592     
  0.94669073296020922      -0.32214384384504707     
  -10.655339887498949        9.7341732385167141     
  0.99693581321442792       -7.8223937068440635E-002
  -10.130339887498948        8.8248465808638592     
  0.93579222324602618      -0.35255200313182128     
  -9.6053398874989497        9.7341732385167141     
  0.98939500154321736      -0.14524989129530050     
  -9.0803398874989494        8.8248465808638592     
  0.89829362573948757       0.43939567812599800     
  -8.5553398874989490        9.7341732385167141     
  0.99256130035647394      -0.12174590356420838     
  -8.0303398874989487        8.8248465808638592     
  0.96703052922221722       0.25466047112223483     
  -7.5053398874989483        9.7341732385167141     
  0.89614062186414967       0.44377019485870756     
  -6.9803398874989488        8.8248465808638592     
  0.97307146639835518      -0.23050362531065469     
  -6.4553398874989485        9.7341732385167141     
  0.92700882484387948       0.37503951613339337     
  -5.9303398874989490        8.8248465808638592     
  0.94707868022656083       0.32100151628974538     
  -5.4053398874989487        9.7341732385167141     
  0.94647026051595717      -0.32279102521423414     
  -4.8803398874989483        8.8248465808638592     
  0.94802729491251569      -0.31818901316805087     
  -4.3553398874989480        9.7341732385167141     
  0.96569828686545900      -0.25966674555113461     
  -3.8303398874989485        8.8248465808638592     
  0.97200505556331540       0.23495993692405551     
  -3.3053398874989481        9.7341732385167141     
  0.99999999648126958        8.3889574042311213E-005
  -2.7803398874989487        8.8248465808638592     
  0.99772400216934976        6.7430078564207671E-002
  -2.2553398874989483        9.7341732385167141     
  0.95723517071223196      -0.28931095373581034     
  -1.7303398874989480        8.8248465808638592     
  0.99220873830690981       0.12458659489451598     
  -1.2053398874989476        9.7341732385167141     
  0.93910612425769258       0.34362725063896654     
 -0.68033988749894903        8.8248465808638592     
  0.98203626254538723       0.18869228666240520     
 -0.15533988749894867        9.7341732385167141     
  0.97766073893286543      -0.21018915183530126     
  0.36966011250105169        8.8248465808638592     
  0.99987398266957661       -1.5875099384865313E-002
  0.89466011250105204        9.7341732385167141     
  0.99761964913836443        6.8956766550111265E-002
   1.4196601125010524        8.8248465808638592     
  0.97702025470568188      -0.21314647990254135     
   1.9446601125010528        9.7341732385167141     
  0.92267612066862326       0.38557590218775384     
   2.4696601125010513        8.8248465808638592     
  0.99392365010482864      -0.11007169373773701     
   2.9946601125010517        9.7341732385167141     
  0.89767402183110878       0.44066013040614666     
   3.5196601125010520        8.8248465808638592     
  0.99524355625948813       -9.7417984602264723E-002
   4.0446601125010524        9.7341732385167141     
  0.96650955695945495       0.25663062230770167     
   4.5696601125010510        8.8248465808638592     
  0.99675424713485128       -8.0504477009890843E-002
   5.0946601125010496        9.7341732385167141     
  0.95835588823492202      -0.28557659477879815     
   5.6196601125010517        8.8248465808638592     
  0.91383559788842739       0.40608435088279438     
   6.1446601125010503        9.7341732385167141     
  0.99989230759548620        1.4675599182779215E-002
   6.6696601125010524        8.8248465808638592     
  0.91376406362871498      -0.40624529045976343     
   7.1946601125010510        9.7341732385167141     
  0.99447705317893920       0.10495423145606554     
   7.7196601125010531        8.8248465808638592     
  0.99651880546525673       -8.3368281463025190E-002
   8.2446601125010517        9.7341732385167141     
  0.96140852081151662       0.27512480097405156     
